0
0
0
0
0
0
0
0.0001
0.0001
0
0
-0.0001
-0.0001
-0.0001
-0.0001
-0.0001
-0.0001
-0.0001
0.0001
0.0003
0.0004
0.0004
0.0005
0.0006
0.0007
0.0006
0.0003
0
0.0001
0.0002
0.0003
0.0003
0
-0.0006
-0.001
-0.0009
-0.0009
-0.0008
-0.0005
0.0001
0.0004
0.0002
-0.0004
-0.0009
-0.001
-0.0008
-0.0007
-0.0001
0.0009
0.0019
0.0029
0.0034
0.0034
0.0031
0.0026
0.0013
-0.0001
-0.0013
-0.0017
-0.0016
-0.0018
-0.0018
-0.0012
-0.0002
-0.0002
-0.0009
-0.0012
-0.0007
-0.0008
-0.0015
-0.0023
-0.004
-0.0049
-0.0046
-0.0034
-0.0021
-0.0015
-0.0006
0.0007
0.0006
-0.0014
-0.0033
-0.0043
-0.0043
-0.0031
0.0003
0.0038
0.0054
0.0043
0.0017
-0.0009
-0.0028
-0.003
-0.001
0
-0.0005
-0.0022
-0.0033
-0.005
-0.0082
-0.0094
-0.0064
-0.0023
0.0007
0.0043
0.0075
0.0091
0.009
0.0074
0.0027
-0.003
-0.0083
-0.0083
-0.0033
-0.0016
-0.0037
-0.0044
-0.0022
-0.0005
-0.0003
-0.0013
-0.001
-0.0036
-0.0073
-0.0119
-0.0126
-0.0045
0.0071
0.0168
0.0219
0.0177
0.0093
0.0035
0.0017
-0.0007
-0.0059
-0.0128
-0.0196
-0.0192
-0.0177
-0.0158
-0.0082
0.0042
0.0073
0.0013
-0.0031
0
0.0103
0.0198
0.0249
0.0269
0.0249
0.0161
0.0068
0.0014
-0.0017
-0.0091
-0.013
-0.0073
0.0028
0.0097
0.0129
0.0157
0.0154
0.0076
0.0001
0.0018
0.0054
-0.0006
-0.0098
-0.0069
0.0056
0.0097
0.0014
-0.0066
-0.0031
-0.0004
-0.0058
-0.0111
-0.0113
-0.0046
0.005
0.0112
0.0139
0.0119
0.0027
-0.0042
-0.0009
0.0076
0.014
0.0126
0.0093
0.0038
-0.0038
-0.0112
-0.0102
-0.005
-0.0087
-0.0197
-0.0214
-0.0085
0.0059
0.0174
0.0281
0.0345
0.0358
0.0335
0.0271
0.0178
0.0083
0.0037
0.0073
0.016
0.0213
0.027
0.037
0.0439
0.0404
0.034
0.0353
0.039
0.0397
0.0334
0.019
0.0066
0.0025
-0.0005
-0.0017
-0.0033
-0.007
-0.0156
-0.0218
-0.0237
-0.0212
-0.0172
-0.0208
-0.0368
-0.0603
-0.0801
-0.0883
-0.0875
-0.0847
-0.0771
-0.05
-0.0088
0.0249
0.0426
0.0488
0.051
0.0501
0.0439
0.0261
0.0011
-0.0277
-0.0515
-0.0654
-0.0731
-0.0748
-0.0647
-0.045
-0.0247
-0.0096
0.0051
0.0261
0.0414
0.0437
0.0426
0.0479
0.0638
0.0806
0.0856
0.0753
0.0464
0.0119
-0.0065
-0.0067
-0.0107
-0.0339
-0.0694
-0.1075
-0.1376
-0.1458
-0.1313
-0.1111
-0.095
-0.0765
-0.0425
0
0.0309
0.0366
0.0428
0.0503
0.0456
0.0251
-0.0005
-0.0299
-0.0571
-0.0681
-0.0703
-0.0708
-0.0682
-0.0667
-0.0683
-0.0698
-0.0599
-0.0412
-0.0261
-0.0211
-0.0282
-0.0415
-0.0551
-0.0616
-0.0516
-0.0215
0.0234
0.072
0.1124
0.1392
0.1463
0.1306
0.107
0.0907
0.0822
0.0718
0.0554
0.0384
0.0282
0.0354
0.0483
0.0545
0.0528
0.0567
0.0596
0.0509
0.0494
0.0597
0.0613
0.0394
-0.0047
-0.0514
-0.0905
-0.1233
-0.1486
-0.1565
-0.1485
-0.147
-0.1544
-0.1402
-0.081
0.0051
0.0916
0.1711
0.2283
0.2599
0.2668
0.2547
0.2318
0.1985
0.1632
0.1235
0.079
0.0325
-0.0055
-0.0309
-0.0426
-0.032
-0.0063
0.0093
0.0012
-0.0182
-0.042
-0.072
-0.0954
-0.1074
-0.1189
-0.1297
-0.117
-0.074
-0.025
0.0172
0.0563
0.0871
0.1131
0.1239
0.1272
0.1212
0.0953
0.0658
0.0334
0.0058
-0.026
-0.0583
-0.0784
-0.0757
-0.0693
-0.0867
-0.1003
-0.0829
-0.052
-0.0323
-0.01
0.0179
0.0424
0.0546
0.0567
0.0588
0.063
0.0657
0.0703
0.0695
0.0622
0.0518
0.0515
0.068
0.0848
0.09
0.0838
0.0697
0.047
0.0137
-0.0303
-0.0775
-0.1205
-0.1556
-0.1825
-0.1951
-0.1724
-0.1126
-0.0437
0.0176
0.0478
0.0621
0.0662
0.0499
0.0147
-0.0191
-0.0476
-0.0707
-0.0751
-0.0614
-0.0499
-0.0498
-0.0583
-0.0615
-0.0601
-0.062
-0.0659
-0.0741
-0.084
-0.0904
-0.0683
-0.0243
0.0225
0.0545
0.0848
0.1082
0.1142
0.1067
0.0998
0.0885
0.0556
-0.0115
-0.0939
-0.1591
-0.1883
-0.1843
-0.1664
-0.1413
-0.0939
-0.0302
0.0158
0.0299
0.0241
0.0123
-0.0017
-0.0278
-0.0701
-0.1242
-0.1711
-0.1704
-0.1422
-0.1202
-0.1095
-0.0875
-0.0447
-0.001
0.0223
0.0288
0.0338
0.0289
0.0097
-0.0233
-0.052
-0.0675
-0.0831
-0.1018
-0.1207
-0.1296
-0.1246
-0.1139
-0.1064
-0.0979
-0.057
0.0142
0.0828
0.1443
0.2001
0.2394
0.2624
0.2664
0.2512
0.2194
0.1751
0.12
0.063
0.0203
-0.0005
-0.0032
-0.0019
-0.0148
-0.0291
-0.0319
-0.0346
-0.0528
-0.0798
-0.1079
-0.1403
-0.1669
-0.1739
-0.1591
-0.1145
-0.0447
0.0303
0.093
0.1339
0.1473
0.135
0.0913
0.0282
-0.0385
-0.0914
-0.1201
-0.1201
-0.098
-0.0663
-0.0308
0.0214
0.0925
0.1723
0.2313
0.2585
0.2627
0.2573
0.2545
0.2515
0.2296
0.1989
0.1696
0.1387
0.1132
0.0995
0.0985
0.0988
0.0946
0.0915
0.0798
0.0592
0.0442
0.0342
0.0235
0.0093
0.0065
0.021
0.0388
0.0655
0.1146
0.1517
0.1638
0.1482
0.119
0.0884
0.064
0.0389
0.0157
0.0004
-0.0155
-0.0299
-0.0532
-0.0742
-0.0711
-0.0499
-0.0413
-0.0614
-0.1014
-0.1258
-0.122
-0.1126
-0.1259
-0.1657
-0.1892
-0.1629
-0.1112
-0.0643
-0.0289
-0.0038
0.0052
-0.0003
-0.0108
-0.0235
-0.0408
-0.0596
-0.0761
-0.0824
-0.0777
-0.0748
-0.0848
-0.1029
-0.1069
-0.0866
-0.0697
-0.0726
-0.0735
-0.0589
-0.0423
-0.042
-0.0522
-0.0541
-0.0437
-0.0276
-0.019
-0.0275
-0.0442
-0.0556
-0.069
-0.087
-0.0975
-0.0897
-0.0745
-0.0685
-0.0643
-0.0517
-0.0289
-0.0023
0.0209
0.0418
0.0632
0.0744
0.0638
0.0274
-0.0215
-0.0739
-0.1056
-0.1047
-0.0822
-0.0515
-0.0227
-0.002
0.0113
0.0211
0.0349
0.0488
0.0553
0.0488
0.029
0.0008
-0.0245
-0.0438
-0.0624
-0.0793
-0.0858
-0.0868
-0.0847
-0.0785
-0.0732
-0.0715
-0.0719
-0.0744
-0.0748
-0.0694
-0.0612
-0.0577
-0.0641
-0.0714
-0.0711
-0.0544
-0.0148
0.0447
0.1094
0.1613
0.2002
0.242
0.2899
0.3314
0.3447
0.3229
0.2838
0.2416
0.1988
0.1443
0.079
0.0112
-0.0514
-0.104
-0.139
-0.1672
-0.2068
-0.2447
-0.2402
-0.1989
-0.1512
-0.1151
-0.0919
-0.0765
-0.0634
-0.0619
-0.0666
-0.0593
-0.0496
-0.0472
-0.0498
-0.0391
-0.0121
0.0214
0.0518
0.0764
0.1003
0.1309
0.1664
0.2003
0.2284
0.2351
0.2198
0.1813
0.128
0.0851
0.0694
0.0793
0.0907
0.0958
0.0941
0.0881
0.081
0.0581
0.034
0.0273
0.0329
0.0243
-0.0057
-0.0403
-0.0595
-0.0607
-0.0431
-0.0057
0.0382
0.0724
0.0921
0.1042
0.1129
0.1177
0.1172
0.1076
0.0894
0.0659
0.0455
0.0362
0.041
0.0509
0.0566
0.0499
0.034
0.0133
-0.0099
-0.0346
-0.0664
-0.1022
-0.1233
-0.1199
-0.0975
-0.0644
-0.0311
-0.0113
-0.0074
-0.0191
-0.0279
-0.0296
-0.0346
-0.0466
-0.0501
-0.0406
-0.0283
-0.012
0.0207
0.0627
0.095
0.1122
0.1192
0.1252
0.1246
0.1127
0.0881
0.0527
0.0074
-0.0536
-0.1316
-0.2081
-0.2521
-0.2616
-0.2495
-0.2392
-0.2403
-0.2381
-0.2134
-0.173
-0.1373
-0.1121
-0.092
-0.0726
-0.0596
-0.058
-0.0644
-0.0701
-0.08
-0.0899
-0.0933
-0.0841
-0.0647
-0.0431
-0.0226
-0.0044
0.0077
0.013
0.0128
0.0066
-0.0062
-0.0283
-0.059
-0.0945
-0.1277
-0.1442
-0.1397
-0.1247
-0.1046
-0.0837
-0.0645
-0.0434
-0.0256
-0.0167
-0.0133
-0.0045
0.004
0.0069
0.0116
0.0238
0.0339
0.0386
0.0462
0.0642
0.0939
0.1253
0.1455
0.1487
0.1358
0.1093
0.0736
0.0418
0.0296
0.0369
0.0545
0.0849
0.1184
0.1441
0.1556
0.1548
0.1419
0.1115
0.0566
-0.0017
-0.0504
-0.0858
-0.105
-0.0946
-0.0416
0.0428
0.1394
0.22
0.2538
0.2407
0.222
0.2114
0.1974
0.165
0.1168
0.0524
-0.0212
-0.0882
-0.1174
-0.1105
-0.0904
-0.0593
-0.0091
0.0434
0.0763
0.0857
0.0815
0.0822
0.0858
0.0805
0.0715
0.0632
0.0561
0.0541
0.0586
0.0619
0.053
0.0301
0.0016
-0.0202
-0.0271
-0.0129
0.0178
0.0489
0.0668
0.0693
0.0646
0.0468
0.0089
-0.0411
-0.0915
-0.1359
-0.1686
-0.1783
-0.164
-0.1322
-0.1008
-0.0782
-0.0573
-0.0381
-0.0274
-0.0316
-0.0463
-0.0661
-0.0838
-0.1048
-0.1325
-0.1493
-0.1464
-0.1332
-0.1191
-0.1018
-0.0826
-0.0681
-0.0547
-0.0362
-0.0067
0.0269
0.0522
0.0545
0.0384
0.0116
-0.0165
-0.0311
-0.0307
-0.0259
-0.0212
-0.0103
0.0137
0.044
0.075
0.1091
0.1462
0.1798
0.1899
0.176
0.1444
0.0976
0.0378
-0.0287
-0.0863
-0.1241
-0.1503
-0.1811
-0.1863
-0.1367
-0.0481
0.0464
0.1384
0.2131
0.2543
0.2593
0.2262
0.1627
0.0891
0.014
-0.0527
-0.0982
-0.1058
-0.0769
-0.0259
0.0267
0.0633
0.0843
0.0932
0.0887
0.0661
0.0252
-0.0231
-0.0628
-0.0924
-0.1178
-0.1479
-0.1803
-0.2104
-0.2315
-0.2358
-0.2152
-0.1785
-0.1353
-0.0877
-0.0353
0.0166
0.0626
0.1019
0.136
0.1586
0.1641
0.1545
0.133
0.1033
0.0781
0.0661
0.0626
0.0612
0.0541
0.0435
0.0313
0.0177
-0.0019
-0.0276
-0.0566
-0.0834
-0.1017
-0.1115
-0.1161
-0.1188
-0.1223
-0.1144
-0.0843
-0.0425
0.0038
0.0554
0.1012
0.1261
0.123
0.1026
0.0741
0.0408
0.0038
-0.0319
-0.0577
-0.0671
-0.0553
-0.0274
0.0012
0.02
0.0289
0.0294
0.0255
0.0174
0.0018
-0.0192
-0.0391
-0.0501
-0.0515
-0.0433
-0.0285
-0.0083
0.0183
0.0426
0.0542
0.0612
0.0759
0.0927
0.1056
0.1158
0.1225
0.1233
0.1144
0.0916
0.0653
0.0459
0.0353
0.0342
0.0464
0.0682
0.0905
0.0998
0.0887
0.063
0.0287
-0.009
-0.0395
-0.0562
-0.0596
-0.0578
-0.0576
-0.0618
-0.0731
-0.091
-0.0989
-0.0803
-0.0504
-0.0274
-0.015
-0.008
-0.0048
-0.0045
-0.0078
-0.0168
-0.0246
-0.0277
-0.0325
-0.0443
-0.057
-0.0645
-0.0624
-0.0462
-0.0166
0.0182
0.049
0.0639
0.0607
0.0425
0.0109
-0.0233
-0.0504
-0.0696
-0.0861
-0.0997
-0.1096
-0.1191
-0.1281
-0.1358
-0.1422
-0.1448
-0.1409
-0.1321
-0.1272
-0.128
-0.1313
-0.1387
-0.1523
-0.1662
-0.1687
-0.1546
-0.1248
-0.086
-0.0422
-0.0014
0.035
0.0643
0.0853
0.0967
0.098
0.0931
0.0779
0.0551
0.028
-0.0009
-0.0221
-0.0316
-0.0342
-0.0385
-0.0474
-0.0556
-0.0566
-0.05
-0.0449
-0.0465
-0.0462
-0.0386
-0.0263
-0.0126
0.0039
0.0223
0.0386
0.0493
0.0565
0.0619
0.0651
0.0648
0.0625
0.06
0.0568
0.0572
0.0595
0.0628
0.0642
0.061
0.056
0.0485
0.04
0.0267
0.0111
-0.0007
-0.0056
-0.0084
-0.0133
-0.0174
-0.0086
0.008
0.0261
0.0458
0.0673
0.0864
0.1015
0.1113
0.1191
0.1202
0.1125
0.0986
0.0763
0.0456
0.0155
-0.0031
-0.0141
-0.0268
-0.0339
-0.0215
-0.0014
0.0106
0.0129
0.0158
0.0204
0.0236
0.024
0.0213
0.0185
0.017
0.0161
0.0155
0.0164
0.0192
0.0234
0.03
0.0368
0.0411
0.0399
0.0331
0.0271
0.025
0.0255
0.0224
0.0153
0.0071
-0.0059
-0.0245
-0.0416
-0.0485
-0.0493
-0.0512
-0.0604
-0.0728
-0.0794
-0.0801
-0.0783
-0.0661
-0.0372
-0.0025
0.0242
0.0401
0.0412
0.03
0.0198
0.0172
0.0218
0.0303
0.0419
0.0548
0.0616
0.0581
0.0473
0.0338
0.0257
0.0192
0.0069
-0.0064
-0.0125
-0.011
-0.0132
-0.0263
-0.0411
-0.0484
-0.05
-0.0535
-0.0608
-0.067
-0.0716
-0.0754
-0.077
-0.0728
-0.0596
-0.0424
-0.0217
0.0011
0.022
0.0305
0.0259
0.0185
0.0147
0.0132
0.0098
0.0022
-0.0111
-0.028
-0.0434
-0.0532
-0.0607
-0.0688
-0.0757
-0.0762
-0.0707
-0.0628
-0.0569
-0.0531
-0.0511
-0.0503
-0.049
-0.0458
-0.0429
-0.0422
-0.0439
-0.0457
-0.0445
-0.0432
-0.0449
-0.0495
-0.0553
-0.0601
-0.0575
-0.0433
-0.0251
-0.0124
-0.0059
-0.0007
0.0028
0.0023
0.0001
-0.0009
0.0014
0.0058
0.0108
0.0169
0.0219
0.0239
0.0252
0.0279
0.0279
0.0215
0.0094
-0.0013
-0.004
0.0005
0.0069
0.0117
0.0188
0.0292
0.0395
0.0469
0.0482
0.0426
0.0335
0.0273
0.0291
0.0386
0.0503
0.0641
0.0802
0.0965
0.1091
0.1173
0.1229
0.1284
0.1328
0.1361
0.1399
0.1408
0.1325
0.114
0.0907
0.0676
0.0468
0.0322
0.0286
0.0311
0.0377
0.0462
0.0506
0.0496
0.0445
0.0367
0.0294
0.0264
0.0245
0.0151
-0.0037
-0.0243
-0.0387
-0.0475
-0.05
-0.0425
-0.0253
-0.0018
0.0228
0.0428
0.0534
0.0553
0.0528
0.0483
0.044
0.0368
0.0263
0.0118
-0.0058
-0.0231
-0.0391
-0.0509
-0.0592
-0.0648
-0.0691
-0.0686
-0.0614
-0.0523
-0.0458
-0.0423
-0.04
-0.0404
-0.0457
-0.0522
-0.0547
-0.0543
-0.05
-0.0395
-0.0239
-0.0061
0.0099
0.019
0.0222
0.0231
0.0226
0.0225
0.0218
0.0175
0.0053
-0.0117
-0.0249
-0.0274
-0.0181
-0.0058
-0.0005
-0.0029
-0.0112
-0.0196
-0.0237
-0.0207
-0.0108
0.0039
0.0192
0.0299
0.0341
0.0345
0.0319
0.0226
0.0094
-0.004
-0.0157
-0.0251
-0.0305
-0.0321
-0.032
-0.0283
-0.0188
-0.0069
-0.0003
-0.0029
-0.0131
-0.0285
-0.0404
-0.0433
-0.0375
-0.0317
-0.0294
-0.024
-0.0163
-0.0096
-0.0054
-0.002
0.0003
-0.0016
-0.0051
-0.0048
-0.0007
0.0012
-0.0045
-0.0132
-0.019
-0.0205
-0.0204
-0.0225
-0.0281
-0.038
-0.047
-0.0502
-0.0499
-0.0447
-0.0304
-0.0083
0.0138
0.0305
0.0411
0.046
0.0469
0.0469
0.0469
0.0451
0.0421
0.0403
0.0403
0.0408
0.0429
0.0433
0.0391
0.0314
0.0261
0.0234
0.0209
0.0179
0.0171
0.0167
0.014
0.0116
0.0129
0.0175
0.023
0.0277
0.0313
0.0329
0.032
0.027
0.0174
0.0074
0.001
-0.0015
-0.0037
-0.0073
-0.0106
-0.0128
-0.0144
-0.0145
-0.0109
-0.0058
-0.0013
0.0036
0.0091
0.0113
0.0085
0.0058
0.007
0.0066
0.004
0.0054
0.0114
0.0137
0.0068
-0.0039
-0.0115
-0.0131
-0.0123
-0.0112
-0.0071
0.0017
0.013
0.0216
0.026
0.03
0.0347
0.0387
0.0391
0.0341
0.0266
0.0211
0.0154
0.0062
-0.0033
-0.0035
0.0013
0.0035
0.0051
0.0116
0.0197
0.0233
0.0242
0.0256
0.0256
0.0234
0.0205
0.0151
0.0048
-0.0058
-0.0118
-0.0136
-0.0142
-0.016
-0.0187
-0.0207
-0.0222
-0.0252
-0.0288
-0.0319
-0.0348
-0.0384
-0.0437
-0.0481
-0.0494
-0.0464
-0.0409
-0.0361
-0.0347
-0.0371
-0.0411
-0.0462
-0.053
-0.0584
-0.0599
-0.058
-0.0563
-0.0538
-0.0456
-0.034
-0.0233
-0.0167
-0.0135
-0.0124
-0.0135
-0.0171
-0.0219
-0.0271
-0.0322
-0.0386
-0.0467
-0.0556
-0.0605
-0.0585
-0.0535
-0.0504
-0.0492
-0.043
-0.0315
-0.0208
-0.0111
-0.0029
0
-0.0012
-0.0009
0.0031
0.0068
0.0078
0.0074
0.0065
0.0069
0.0123
0.024
0.0382
0.0502
0.0571
0.0577
0.0523
0.0444
0.0346
0.0253
0.0171
0.013
0.0144
0.0211
0.0291
0.0334
0.037
0.0424
0.047
0.0497
0.0511
0.0515
0.0506
0.0498
0.0477
0.0421
0.0355
0.0295
0.0269
0.0281
0.034
0.0432
0.05
0.0514
0.0491
0.0468
0.042
0.0327
0.0216
0.01
0.0013
-0.004
-0.0079
-0.0094
-0.0053
0.004
0.0133
0.0196
0.0245
0.0254
0.0187
0.0088
0.0017
-0.0012
-0.0022
-0.0019
0.0006
0.0039
0.0062
0.0059
0.0026
0.0005
0.0003
0.0005
-0.0001
0.0005
-0.0001
-0.0061
-0.0152
-0.0209
-0.0204
-0.0166
-0.0105
-0.0026
0.0018
-0.0023
-0.012
-0.0205
-0.0261
-0.0292
-0.0303
-0.0305
-0.0302
-0.0301
-0.0302
-0.0304
-0.0303
-0.0309
-0.0308
-0.0302
-0.0314
-0.0347
-0.0389
-0.0422
-0.044
-0.0438
-0.0446
-0.0487
-0.056
-0.0634
-0.0688
-0.0702
-0.0673
-0.06
-0.049
-0.0383
-0.0298
-0.024
-0.0197
-0.017
-0.015
-0.0134
-0.0127
-0.0119
-0.0099
-0.0071
-0.0037
0.0039
0.015
0.0256
0.0299
0.0268
0.0187
0.0102
0.0039
-0.0004
-0.0026
-0.0033
-0.0009
0.0084
0.0239
0.0387
0.0481
0.0525
0.0556
0.056
0.0528
0.0481
0.0455
0.0459
0.0471
0.0463
0.0429
0.0389
0.0347
0.0296
0.0257
0.0226
0.0182
0.0139
0.0124
0.0139
0.016
0.0179
0.0186
0.0157
0.008
-0.0013
-0.0097
-0.0149
-0.0173
-0.019
-0.021
-0.0203
-0.0159
-0.0103
-0.0039
0.0026
0.0063
0.0058
0.0021
0.0006
0.0041
0.0086
0.0076
-0.0002
-0.0115
-0.0237
-0.0341
-0.0399
-0.0405
-0.0371
-0.0289
-0.0178
-0.01
-0.0071
-0.0061
-0.0044
-0.0058
-0.0107
-0.016
-0.0188
-0.017
-0.0111
-0.0027
0.0041
0.0093
0.0147
0.0192
0.0219
0.0227
0.023
0.0239
0.0242
0.0236
0.0211
0.0145
0.0055
-0.0028
-0.0086
-0.0136
-0.019
-0.0226
-0.0211
-0.0146
-0.0082
-0.0061
-0.0067
-0.0095
-0.0133
-0.0174
-0.0206
-0.023
-0.0243
-0.0244
-0.0238
-0.0213
-0.0163
-0.0103
-0.0062
-0.0024
0.0028
0.0064
0.0053
0.0006
-0.0032
-0.0035
0.0001
0.0071
0.0156
0.0221
0.0249
0.0272
0.0318
0.0369
0.0384
0.0346
0.0278
0.0213
0.0175
0.0177
0.02
0.0227
0.0254
0.0273
0.0258
0.0207
0.0148
0.0114
0.0114
0.0109
0.0079
0.0055
0.0053
0.0062
0.007
0.0084
0.0086
0.0063
0.003
0.0001
-0.0036
-0.008
-0.0129
-0.0164
-0.0173
-0.0139
-0.0062
0.0026
0.0075
0.0061
0.0001
-0.0098
-0.0215
-0.0314
-0.0369
-0.0381
-0.0381
-0.0393
-0.0406
-0.0405
-0.0377
-0.0305
-0.0213
-0.0134
-0.0101
-0.0109
-0.0128
-0.0157
-0.0184
-0.022
-0.0245
-0.0259
-0.0278
-0.0303
-0.0324
-0.0337
-0.0337
-0.0334
-0.0332
-0.034
-0.0342
-0.0314
-0.0239
-0.0129
-0.0023
0.0055
0.0082
0.0059
0.0009
-0.0042
-0.0103
-0.0154
-0.0175
-0.0176
-0.0158
-0.0123
-0.0073
-0.0009
0.0054
0.0101
0.0134
0.0169
0.0226
0.0297
0.0357
0.0375
0.0351
0.0301
0.0244
0.0199
0.0176
0.0164
0.0153
0.0141
0.0135
0.0129
0.0116
0.0092
0.0075
0.0071
0.0072
0.0067
0.0059
0.0025
-0.0034
-0.0092
-0.0138
-0.0172
-0.0186
-0.0156
-0.0087
-0.0016
0.004
0.0077
0.0086
0.0049
-0.001
-0.0047
-0.0063
-0.0083
-0.0099
-0.0071
0.0004
0.0069
0.0105
0.0152
0.0224
0.0298
0.0353
0.0361
0.0326
0.0256
0.0185
0.0146
0.0136
0.0143
0.0156
0.0168
0.0173
0.0191
0.0231
0.0264
0.0275
0.0282
0.0287
0.0278
0.026
0.0261
0.0297
0.0364
0.0414
0.0421
0.0392
0.0343
0.0284
0.0232
0.0189
0.0157
0.0142
0.0136
0.0131
0.0119
0.0111
0.0112
0.0117
0.0124
0.0119
0.0087
0.0042
0.0006
-0.0026
-0.0083
-0.0167
-0.0259
-0.035
-0.0438
-0.0505
-0.0541
-0.054
-0.0491
-0.0403
-0.0307
-0.0226
-0.0163
-0.0118
-0.0113
-0.0141
-0.0181
-0.0214
-0.0237
-0.0249
-0.0258
-0.0279
-0.0313
-0.0331
-0.0288
-0.0196
-0.0103
-0.0022
0.0057
0.0129
0.019
0.023
0.0256
0.0286
0.0298
0.0263
0.0173
0.0053
-0.0059
-0.0139
-0.0181
-0.0201
-0.0198
-0.0163
-0.0099
-0.0045
-0.0022
-0.0023
-0.0034
-0.0029
-0.0013
0.0004
0.0013
0.0029
0.0054
0.0074
0.0086
0.0083
0.0067
0.0043
0.0008
-0.0043
-0.0107
-0.0164
-0.0205
-0.0239
-0.028
-0.032
-0.0347
-0.0343
-0.0308
-0.0256
-0.0187
-0.0101
-0.0019
0.0013
-0.002
-0.0099
-0.0191
-0.0264
-0.0306
-0.0316
-0.0312
-0.0301
-0.0274
-0.0232
-0.02
-0.0166
-0.0117
-0.0054
0.0019
0.009
0.0152
0.0198
0.0226
0.0225
0.0197
0.0154
0.011
0.0074
0.0041
0.0006
-0.0025
-0.0038
-0.002
0.0013
0.0049
0.0084
0.0112
0.0124
0.0106
0.0072
0.0035
-0.0003
-0.0045
-0.0076
-0.0079
-0.0055
-0.0014
0.0027
0.0054
0.0068
0.0089
0.0116
0.0125
0.0118
0.0111
0.0118
0.0135
0.0138
0.0122
0.0105
0.0116
0.0151
0.0198
0.0232
0.0251
0.026
0.0259
0.0249
0.0225
0.0187
0.0143
0.0103
0.0072
0.0043
0.0016
0
-0.0004
0.0008
0.003
0.0051
0.0073
0.0095
0.0105
0.0111
0.0129
0.0145
0.0152
0.0164
0.0185
0.0205
0.0215
0.0226
0.0241
0.0248
0.0216
0.0145
0.0065
0.0007
-0.002
-0.0033
-0.0045
-0.0053
-0.0064
-0.0064
-0.0043
-0.0011
0.0019
0.0031
0.0009
-0.0045
-0.0095
-0.0139
-0.0177
-0.0214
-0.0256
-0.0282
-0.0291
-0.0292
-0.0286
-0.0255
-0.0195
-0.0126
-0.0066
-0.0026
-0.0003
0.0012
0.0011
-0.0032
-0.0105
-0.0183
-0.024
-0.0261
-0.0237
-0.0187
-0.0137
-0.0103
-0.0076
-0.0045
-0.001
0.0002
-0.0021
-0.0071
-0.0135
-0.0201
-0.0253
-0.0285
-0.0282
-0.025
-0.0199
-0.0131
-0.0046
0.0039
0.0105
0.015
0.0172
0.0177
0.0162
0.012
0.0067
0.0015
-0.0027
-0.0047
-0.0051
-0.0044
-0.002
0.002
0.0059
0.0083
0.0097
0.0112
0.0137
0.0164
0.0178
0.0165
0.0143
0.0135
0.0154
0.0186
0.0224
0.0269
0.0321
0.0372
0.0384
0.0345
0.0261
0.0154
0.0044
-0.0052
-0.0122
-0.0167
-0.0194
-0.02
-0.0177
-0.0135
-0.0089
-0.0057
-0.0028
-0.0003
0.0017
0.0034
0.0049
0.0062
0.0082
0.0095
0.0098
0.009
0.0082
0.0083
0.0086
0.0101
0.0129
0.0157
0.0164
0.0138
0.0093
0.0038
-0.0005
-0.0013
0.001
0.004
0.0063
0.0071
0.0065
0.006
0.0059
0.0051
0.0035
0.0023
0.0017
0.0006
-0.0008
-0.0019
-0.0023
-0.002
-0.0012
-0.0006
-0.0001
0.0014
0.0044
0.0072
0.0082
0.0071
0.0045
0.0007
-0.004
-0.008
-0.0113
-0.0138
-0.0159
-0.0175
-0.0165
-0.0111
-0.0033
0.0043
0.0106
0.0143
0.0156
0.0153
0.0138
0.0116
0.0085
0.0054
0.0026
0.0008
-0.0004
-0.0011
-0.0006
0.0002
-0.0002
-0.0015
-0.0025
-0.0031
-0.0036
-0.0038
-0.0039
-0.0049
-0.0066
-0.0077
-0.0079
-0.0074
-0.0062
-0.0043
-0.0008
0.0035
0.0077
0.0109
0.0129
0.0126
0.0106
0.0068
0.0026
-0.0014
-0.0052
-0.0086
-0.0105
-0.0107
-0.0106
-0.0107
-0.0105
-0.0105
-0.0103
-0.0091
-0.0074
-0.0058
-0.0022
0.0033
0.0084
0.0101
0.0068
0.0008
-0.005
-0.0101
-0.0152
-0.0208
-0.0253
-0.0267
-0.0252
-0.0225
-0.0179
-0.012
-0.0049
0.0016
0.0052
0.006
0.0042
0.0006
-0.0041
-0.0085
-0.0118
-0.0131
-0.0125
-0.0101
-0.0061
-0.0021
0.0008
0.0024
0.0032
0.0034
0.0014
-0.0024
-0.0063
-0.0094
-0.0117
-0.0136
-0.0152
-0.0161
-0.0159
-0.0138
-0.0091
-0.0027
0.0031
0.0078
0.011
0.0116
0.0101
0.0078
0.0059
0.0049
0.005
0.0065
0.0086
0.0097
0.0094
0.0087
0.0085
0.0083
0.0066
0.0031
-0.0006
-0.004
-0.0063
-0.0069
-0.0049
-0.001
0.0028
0.0055
0.0071
0.009
0.0115
0.0136
0.0148
0.016
0.0168
0.018
0.0197
0.0208
0.0218
0.0225
0.0225
0.0208
0.0178
0.0139
0.009
0.0039
-0.0011
-0.0056
-0.0088
-0.0108
-0.0108
-0.0101
-0.0091
-0.0087
-0.0093
-0.0115
-0.0144
-0.0174
-0.0199
-0.0219
-0.0221
-0.0203
-0.0171
-0.0147
-0.0144
-0.015
-0.0154
-0.0153
-0.014
-0.0123
-0.0109
-0.0113
-0.0125
-0.013
-0.0127
-0.0116
-0.0099
-0.0079
-0.0067
-0.0069
-0.0072
-0.0076
-0.008
-0.0082
-0.0083
-0.0088
-0.0091
-0.0084
-0.0056
-0.003
-0.0027
-0.0035
-0.0046
-0.005
-0.0044
-0.0024
0.001
0.0055
0.0108
0.017
0.0221
0.026
0.0285
0.029
0.0263
0.0207
0.0145
0.0099
0.0083
0.0098
0.0126
0.0154
0.0173
0.0188
0.0194
0.0188
0.016
0.0128
0.0098
0.0073
0.0048
0.0028
0.0018
0.0018
0.0031
0.0058
0.0091
0.0117
0.0128
0.013
0.0134
0.014
0.0147
0.016
0.018
0.0204
0.0217
0.0219
0.0206
0.0189
0.0177
0.0154
0.0127
0.0097
0.0071
0.0055
0.0048
0.0053
0.0053
0.0047
0.0045
0.0041
0.0026
-0.0007
-0.0041
-0.007
-0.0097
-0.0122
-0.014
-0.0145
-0.0139
-0.0124
-0.01
-0.0073
-0.005
-0.0041
-0.0031
-0.0028
-0.0037
-0.0054
-0.0066
-0.0067
-0.007
-0.0079
-0.0089
-0.009
-0.0084
-0.0077
-0.0072
-0.0076
-0.008
-0.0085
-0.0104
-0.0135
-0.0168
-0.0184
-0.0171
-0.0136
-0.009
-0.0053
-0.0032
-0.0033
-0.0049
-0.0073
-0.0091
-0.0102
-0.0114
-0.0138
-0.0166
-0.019
-0.0211
-0.0206
-0.017
-0.0118
-0.0073
-0.0048
-0.0033
-0.0029
-0.004
-0.006
-0.0079
-0.0085
-0.0071
-0.004
-0.001
0.001
0.0014
0.0002
-0.001
-0.0025
-0.0039
-0.0047
-0.0037
-0.0003
0.003
0.0046
0.0044
0.0035
0.0019
-0.0014
-0.0059
-0.0105
-0.0131
-0.0146
-0.0158
-0.0174
-0.0176
-0.0158
-0.0129
-0.0102
-0.0079
-0.0056
-0.0038
-0.0022
-0.0006
-0.0001
-0.0002
-0.0004
-0.0007
-0.0001
0.001
0.0031
0.0058
0.009
0.0128
0.0165
0.0187
0.0187
0.0162
0.0129
0.0104
0.0095
0.0097
0.0104
0.0115
0.0132
0.015
0.0168
0.0191
0.021
0.022
0.0224
0.0208
0.0173
0.012
0.0066
0.0026
0.0016
0.0031
0.0051
0.0068
0.0084
0.0102
0.0119
0.014
0.0164
0.0187
0.0194
0.0185
0.0174
0.0164
0.0158
0.0148
0.0138
0.0127
0.0112
0.0104
0.0105
0.0115
0.0131
0.0155
0.0173
0.0168
0.0139
0.0099
0.0046
-0.0011
-0.0063
-0.0105
-0.0135
-0.0156
-0.0165
-0.0155
-0.0122
-0.0073
-0.0018
0.0027
0.0053
0.0061
0.005
0.0037
0.0025
0.001
0
-0.0006
-0.0011
-0.0012
-0.001
-0.0012
-0.0023
-0.0036
-0.0065
-0.0097
-0.0135
-0.0174
-0.0215
-0.0247
-0.0262
-0.0254
-0.0223
-0.0186
-0.0151
-0.0128
-0.0121
-0.0133
-0.0155
-0.0183
-0.0214
-0.0238
-0.0253
-0.0257
-0.0256
-0.0248
-0.023
-0.0208
-0.0183
-0.0153
-0.0123
-0.0102
-0.009
-0.0079
-0.0076
-0.0086
-0.0105
-0.0125
-0.014
-0.0151
-0.0153
-0.0142
-0.0112
-0.0068
-0.0025
0.0003
0.0029
0.0053
0.007
0.0068
0.0036
-0.0013
-0.0067
-0.0109
-0.0138
-0.0145
-0.0135
-0.0111
-0.0076
-0.0045
-0.0019
0.001
0.0036
0.0052
0.0052
0.0047
0.0047
0.0047
0.0053
0.0065
0.0084
0.0103
0.0103
0.0082
0.0052
0.0025
0.0009
0.001
0.0019
0.0036
0.0059
0.0079
0.0089
0.0084
0.0075
0.0084
0.0107
0.0126
0.013
0.012
0.0101
0.0083
0.0068
0.0065
0.0075
0.009
0.0107
0.0125
0.0137
0.0152
0.0173
0.0189
0.0196
0.019
0.0173
0.014
0.0103
0.0076
0.0059
0.0057
0.0063
0.0069
0.007
0.0075
0.0083
0.0098
0.0117
0.013
0.013
0.0123
0.0118
0.0118
0.0121
0.0124
0.0124
0.012
0.0115
0.0113
0.0113
0.0114
0.0108
0.0089
0.007
0.0053
0.0051
0.0063
0.008
0.0101
0.0115
0.0117
0.0107
0.0084
0.0052
0.0019
-0.0006
-0.0023
-0.0035
-0.0033
-0.0008
0.0023
0.0044
0.0057
0.0057
0.0048
0.0028
0.0001
-0.0028
-0.0049
-0.0054
-0.0044
-0.0032
-0.0022
-0.0021
-0.0032
-0.0047
-0.0065
-0.0083
-0.0097
-0.0111
-0.0128
-0.0152
-0.0185
-0.0207
-0.0208
-0.0191
-0.0163
-0.0134
-0.0119
-0.01
-0.0079
-0.0061
-0.0039
-0.0032
-0.005
-0.0083
-0.0111
-0.0124
-0.0124
-0.0121
-0.0119
-0.0116
-0.0111
-0.0112
-0.0118
-0.0119
-0.0115
-0.0125
-0.0147
-0.0168
-0.0181
-0.0185
-0.0187
-0.0189
-0.0186
-0.0178
-0.0156
-0.0119
-0.0078
-0.0053
-0.0047
-0.0047
-0.0041
-0.0019
0.0008
0.0028
0.004
0.004
0.003
0.0014
-0.0001
-0.0011
-0.0014
-0.0021
-0.0027
-0.0033
-0.0038
-0.0045
-0.0046
-0.0037
-0.0012
0.0019
0.004
0.0052
0.0059
0.0062
0.0055
0.003
-0.001
-0.0051
-0.0081
-0.009
-0.0075
-0.0049
-0.001
0.0029
0.0067
0.0094
0.0102
0.0097
0.0085
0.0068
0.0044
0.0017
0.0002
0.0004
0.0023
0.0046
0.0065
0.0076
0.0084
0.0095
0.0104
0.0108
0.0112
0.0115
0.011
0.0097
0.0081
0.0069
0.0061
0.0052
0.0038
0.0028
0.0022
0.0019
0.0019
0.0022
0.0028
0.0036
0.0041
0.0045
0.0061
0.0076
0.009
0.0104
0.011
0.0107
0.0099
0.0099
0.0094
0.0079
0.0064
0.0041
0.0015
-0.0012
-0.0044
-0.0072
-0.0091
-0.0091
-0.0069
-0.0035
0.0006
0.0052
0.0089
0.0105
0.0102
0.0089
0.0069
0.0055
0.0051
0.0057
0.0068
0.0077
0.0085
0.0074
0.0053
0.0027
0.0002
-0.0013
-0.0019
-0.0017
-0.0021
-0.0029
-0.0031
-0.0022
-0.0013
-0.0015
-0.0027
-0.0042
-0.006
-0.0073
-0.0076
-0.0078
-0.0085
-0.0094
-0.0109
-0.0129
-0.0138
-0.0137
-0.0128
-0.011
-0.0079
-0.0048
-0.0014
0.0024
0.0062
0.0081
0.008
0.0064
0.0048
0.0034
0.0023
0.0021
0.0019
0.0019
0.0021
0.0024
0.0027
0.0027
0.0023
0.0012
-0.0004
-0.0019
-0.0026
-0.0032
-0.0036
-0.0037
-0.0044
-0.0059
-0.0075
-0.0089
-0.0095
-0.0091
-0.008
-0.008
-0.0089
-0.0101
-0.0103
-0.0089
-0.0064
-0.0035
-0.0019
-0.0014
-0.0017
-0.0022
-0.0028
-0.0047
-0.007
-0.0095
-0.0114
-0.0128
-0.0132
-0.0144
-0.0149
-0.0137
-0.0121
-0.01
-0.008
-0.0051
-0.002
0.0008
0.0029
0.0029
0.002
0.0004
-0.0015
-0.0028
-0.0042
-0.0061
-0.0075
-0.0083
-0.0072
-0.0043
-0.0006
0.0033
0.0072
0.0103
0.0114
0.0109
0.009
0.0069
0.0049
0.0041
0.005
0.007
0.0093
0.0118
0.0137
0.015
0.0152
0.0143
0.0127
0.0113
0.011
0.0108
0.0096
0.008
0.0065
0.0051
0.0038
0.0027
0.0019
0.0016
0.0016
0.0016
0.0026
0.004
0.0053
0.0067
0.0083
0.0091
0.0103
0.0109
0.011
0.0105
0.0098
0.0096
0.0098
0.0097
0.0092
0.0082
0.0071
0.0059
0.0052
0.0051
0.0047
0.0041
0.0028
0.0006
-0.002
-0.0042
-0.0061
-0.0071
-0.0079
-0.0084
-0.0091
-0.0096
-0.0097
-0.0091
-0.0075
-0.005
-0.0026
-0.0008
0.0002
0.0008
0.0011
0.0008
-0.0001
-0.0008
-0.0021
-0.004
-0.0062
-0.0076
-0.0086
-0.0089
-0.0087
-0.0074
-0.0051
-0.0039
-0.0038
-0.0045
-0.0045
-0.0047
-0.0044
-0.0038
-0.0032
-0.0028
-0.0025
-0.002
-0.0006
0.0014
0.0038
0.0051
0.0042
0.0017
-0.002
-0.0054
-0.0077
-0.0082
-0.007
-0.0051
-0.0025
0
0.0013
0.0004
-0.001
-0.0022
-0.0027
-0.0031
-0.0036
-0.0046
-0.0057
-0.0068
-0.0078
-0.008
-0.0065
-0.0043
-0.0023
-0.0007
0.0002
0.0003
-0.0008
-0.0025
-0.0036
-0.0034
-0.0024
-0.0013
-0.0011
-0.0012
-0.0012
-0.0022
-0.0036
-0.0053
-0.0061
-0.0059
-0.005
-0.0036
-0.0024
-0.002
-0.002
-0.0021
-0.0019
-0.001
0
0.0007
0.0011
0.0011
0.002
0.0029
0.005
0.007
0.0081
0.0082
0.0072
0.0053
0.0023
-0.0003
-0.002
-0.0029
-0.0028
-0.002
0.0002
0.0036
0.0078
0.0111
0.013
0.0139
0.0143
0.0153
0.0172
0.0195
0.0213
0.022
0.0222
0.0211
0.0192
0.0171
0.015
0.0135
0.0127
0.0127
0.0131
0.0133
0.0134
0.0136
0.0138
0.0142
0.0134
0.012
0.0106
0.0098
0.0097
0.01
0.0102
0.0102
0.01
0.0096
0.009
0.008
0.007
0.0062
0.0051
0.0044
0.0036
0.0027
0.0019
0.0011
0.0003
-0.0008
-0.003
-0.0056
-0.0074
-0.0089
-0.0095
-0.0096
-0.01
-0.0105
-0.0105
-0.0101
-0.0096
-0.0092
-0.0089
-0.0085
-0.0081
-0.0082
-0.009
-0.01
-0.0115
-0.0125
-0.0126
-0.0132
-0.0135
-0.0137
-0.0138
-0.0138
-0.014
-0.0145
-0.0149
-0.0154
-0.0149
-0.0142
-0.0138
-0.0143
-0.0151
-0.0163
-0.018
-0.0198
-0.0224
-0.025
-0.0278
-0.0289
-0.0285
-0.0265
-0.0238
-0.0205
-0.0173
-0.0143
-0.012
-0.0098
-0.0083
-0.0071
-0.0065
-0.0062
-0.0061
-0.0062
-0.0058
-0.0055
-0.0052
-0.0052
-0.0044
-0.0029
-0.0012
0.0002
0.001
0.0013
0.0015
0.0014
0.0018
0.0029
0.0037
0.0033
0.0027
0.0022
0.0024
0.0028
0.0038
0.0047
0.0049
0.0046
0.0042
0.0039
0.0044
0.0054
0.0067
0.0077
0.0091
0.0106
0.0121
0.0138
0.0155
0.017
0.0177
0.0175
0.0169
0.0174
0.0177
0.0182
0.0188
0.0197
0.0195
0.0191
0.0186
0.0178
0.017
0.0161
0.0153
0.0145
0.013
0.0106
0.0086
0.0075
0.0076
0.0076
0.0076
0.0082
0.009
0.0099
0.0107
0.0108
0.0108
0.0101
0.0097
0.0087
0.0079
0.0081
0.0086
0.0091
0.0094
0.0092
0.0093
0.009
0.0088
0.008
0.0068
0.0059
0.0046
0.0034
0.0019
0.0003
-0.0016
-0.003
-0.0031
-0.0027
-0.0015
-0.0002
0.0002
-0.0005
-0.0021
-0.0039
-0.0048
-0.0049
-0.0056
-0.0063
-0.0067
-0.007
-0.0081
-0.0092
-0.0105
-0.0118
-0.013
-0.0141
-0.0153
-0.0164
-0.0171
-0.0163
-0.0153
-0.0139
-0.0127
-0.0115
-0.0109
-0.0107
-0.0112
-0.0112
-0.0112
-0.011
-0.0106
-0.0102
-0.0107
-0.0108
-0.0099
-0.0085
-0.0076
-0.0078
-0.0087
-0.0104
-0.0121
-0.0133
-0.0126
-0.0106
-0.008
-0.006
-0.0054
-0.0065
-0.0087
-0.0113
-0.013
-0.0133
-0.0126
-0.0112
-0.0095
-0.0071
-0.0046
-0.0019
-0.0004
-0.0003
-0.001
-0.0015
-0.0015
-0.0017
-0.0024
-0.0024
-0.0017
-0.0009
0.0011
0.0035
0.0062
0.0089
0.0103
0.0107
0.0094
0.0081
0.0071
0.0066
0.0061
0.0054
0.0047
0.0037
0.0032
0.0036
0.0044
0.0051
0.0054
0.0059
0.007
0.0084
0.0095
0.0099
0.0102
0.0113
0.0128
0.0145
0.0157
0.0162
0.0157
0.0145
0.0127
0.0115
0.0102
0.0084
0.0067
0.0048
0.0031
0.0016
0.0007
0.0003
0.0003
0.0004
0.0007
0.0012
0.0015
0.002
0.0025
0.0034
0.004
0.0044
0.0041
0.0028
0.002
0.0011
-0.0001
-0.0014
-0.0025
-0.0029
-0.0026
-0.0026
-0.003
-0.004
-0.0043
-0.0043
-0.0041
-0.0035
-0.0031
-0.0023
-0.0014
-0.0007
-0.0006
-0.0006
-0.0007
-0.001
-0.0009
-0.0003
0.0003
0.001
0.0017
0.0024
0.0018
0.0002
-0.0016
-0.0037
-0.0055
-0.0061
-0.0057
-0.0047
-0.0033
-0.0009
0.0019
0.0043
0.0059
0.0069
0.0067
0.0059
0.005
0.0035
0.0021
0.0009
0.0003
0.0003
0.0007
0.0007
0.0006
0.0007
0.0012
0.0014
0.0012
0.0004
-0.0005
-0.002
-0.004
-0.0055
-0.0057
-0.0049
-0.0036
-0.0022
-0.0015
-0.0015
-0.0023
-0.0035
-0.0043
-0.0048
-0.0049
-0.0048
-0.0044
-0.0034
-0.0027
-0.0021
-0.0019
-0.0018
-0.0023
-0.0033
-0.0039
-0.0045
-0.0047
-0.0042
-0.0031
-0.0017
-0.0003
0.0012
0.0029
0.0043
0.0051
0.0052
0.0047
0.0039
0.003
0.0022
0.0014
0.0009
0.0005
0.0001
-0.0004
-0.0013
-0.0019
-0.0021
-0.0022
-0.0027
-0.0029
-0.003
-0.0029
-0.0026
-0.0021
-0.0013
-0.0007
-0.0005
-0.0012
-0.0022
-0.0033
-0.0044
-0.0051
-0.0059
-0.0064
-0.0061
-0.005
-0.0036
-0.0026
-0.0017
-0.001
-0.0005
-0.0006
-0.0009
-0.0015
-0.0019
-0.0021
-0.0021
-0.0019
-0.0014
-0.0012
-0.0011
-0.0015
-0.0019
-0.002
-0.0016
-0.0009
-0.0004
-0.0003
-0.0002
-0.0003
-0.0002
0.0004
0.0011
0.0018
0.0025
0.003
0.0031
0.0031
0.0031
0.003
0.003
0.0033
0.0039
0.0046
0.0051
0.0055
0.0055
0.0051
0.0043
0.0034
0.0026
0.0018
0.0013
0.0009
0.0009
0.0015
0.0025
0.0036
0.0041
0.0042
0.0041
0.004
0.0037
0.0035
0.0033
0.0028
0.0023
0.0019
0.0016
0.0013
0.0006
0
-0.0006
-0.0012
-0.0017
-0.0019
-0.0019
-0.0014
-0.0009
-0.0002
0.0005
0.0009
0.0011
0.0009
0.0006
-0.0001
-0.0009
-0.0014
-0.0016
-0.0017
-0.0016
-0.0016
-0.0016
-0.0016
-0.0016
-0.0016
-0.0019
-0.0022
-0.0025
-0.0027
-0.0028
-0.0026
-0.0024
-0.0021
-0.0018
-0.0014
-0.0011
-0.0009
-0.0006
-0.0003
-0.0001
0
0.0001
0.0001
0.0001
0.0001
0.0001
0.0001
0.0002
0.0003
0.0004
0.0006
0.0007
0.0007
0.0006
0.0005
0.0004
0.0004
0.0004
0.0005
0.0005
0.0004
0.0004
0.0003
0.0004
0.0004
0.0004
0.0004
0.0003
0.0003
0.0002
0.0001
0.0001
0.0001
0.0001
0.0001
0.0001
0.0001
0.0001
0.0001
0.0001
0.0001
0.0002
0.0002
0.0002
0.0002
0.0001
0.0001
0.0001
0.0001
0.0001
0
0
0
0
0
0
-0.0001
-0.0001
-0.0001
-0.0001
-0.0001
-0.0001
-0.0001
0
0
0
0
0
0
0
0
0.0001
0.0001
0.0001
0.0001
0.0001
0
0
0
0
0
0
0
0
0
0
0
0
0
0
0
0
0
0
0
0
0
0
0
0
0
0
0
0
0
0
0
0
0
0
0
0
0
0
0
0
0
0
0
0
0
0
0
0
0
0
