-0.0012
-0.0007
-0.0003
-0.0004
-0.0005
0
0.0006
0.0032
0.0057
0.0059
0.0061
0.0053
0.0045
0.0052
0.0058
0.0056
0.0054
0.0037
0.0021
0.0025
0.003
0.0038
0.0046
0.0043
0.004
0.0027
0.0014
-0.0012
-0.0037
-0.0056
-0.0075
-0.0082
-0.0089
-0.0084
-0.0079
-0.0053
-0.0026
0.0002
0.003
0.004
0.0051
0.0037
0.0023
0.0006
-0.0011
-0.001
-0.0009
-0.0011
-0.0012
0.0021
0.0055
0.0099
0.0144
0.0138
0.0132
0.0121
0.0109
0.0106
0.0102
0.0077
0.0052
-0.0006
-0.0065
-0.0108
-0.0152
-0.0172
-0.0192
-0.0203
-0.0215
-0.0187
-0.0159
-0.0117
-0.0074
-0.004
-0.0006
0.0028
0.0063
0.007
0.0078
0.0074
0.0071
0.0058
0.0045
0.0029
0.0013
-0.0009
-0.003
-0.0062
-0.0094
-0.008
-0.0065
0.0009
0.0084
0.0154
0.0223
0.0204
0.0185
0.0168
0.0151
0.013
0.011
0.0047
-0.0017
-0.0078
-0.014
-0.0172
-0.0204
-0.0221
-0.0239
-0.0276
-0.0313
-0.0308
-0.0304
-0.0256
-0.0209
-0.0114
-0.0019
0.0099
0.0216
0.0246
0.0277
0.0236
0.0195
0.0115
0.0036
0.0012
-0.0012
0.0027
0.0067
0.0121
0.0175
0.0223
0.0271
0.0278
0.0285
0.0227
0.017
0.0074
-0.0021
-0.0028
-0.0034
0.0055
0.0144
0.0169
0.0195
0.014
0.0086
0.0005
-0.0075
-0.0231
-0.0388
-0.0484
-0.058
-0.0576
-0.0572
-0.0439
-0.0307
-0.0167
-0.0028
0.0123
0.0274
0.0411
0.0547
0.058
0.0612
0.0497
0.0382
0.0202
0.0021
-0.004
-0.0102
-0.0135
-0.0169
-0.0171
-0.0173
-0.0184
-0.0195
-0.0108
-0.0021
0.0157
0.0336
0.0358
0.0379
0.0267
0.0155
-0.0031
-0.0217
-0.0349
-0.0482
-0.049
-0.0497
-0.0462
-0.0427
-0.0317
-0.0207
-0.0013
0.0182
0.0371
0.0561
0.0604
0.0647
0.0541
0.0435
0.0319
0.0204
0.0064
-0.0075
-0.0262
-0.0449
-0.0488
-0.0528
-0.0409
-0.029
-0.0142
0.0005
0.0133
0.0262
0.0362
0.0462
0.0413
0.0365
0.0157
-0.005
-0.0135
-0.022
-0.0172
-0.0124
-0.0065
-0.0006
-0.0032
-0.0058
-0.0089
-0.0121
-0.0113
-0.0105
-0.0048
0.0008
0.0007
0.0006
-0.0149
-0.0304
-0.0281
-0.0258
-0.0121
0.0016
-0.005
-0.0115
-0.0287
-0.046
-0.0422
-0.0384
-0.0256
-0.0128
0.0061
0.025
0.0474
0.0699
0.0772
0.0846
0.0659
0.0473
0.0353
0.0232
0.0209
0.0185
0.0035
-0.0115
-0.0225
-0.0336
-0.0378
-0.042
-0.0445
-0.0471
-0.0396
-0.0321
-0.0029
0.0263
0.0504
0.0745
0.0656
0.0568
0.0287
0.0006
-0.0254
-0.0514
-0.0677
-0.084
-0.0939
-0.1039
-0.0944
-0.0848
-0.0633
-0.0417
-0.0236
-0.0054
0.0102
0.0259
0.0398
0.0537
0.0619
0.0701
0.0595
0.0488
0.0298
0.0109
-0.0032
-0.0173
-0.0152
-0.0131
0.0061
0.0252
0.0386
0.052
0.0543
0.0565
0.0531
0.0496
0.0437
0.0378
0.0238
0.0098
-0.0156
-0.0409
-0.0617
-0.0824
-0.0801
-0.0777
-0.0578
-0.0378
-0.0196
-0.0013
0.0223
0.0459
0.0599
0.0738
0.0642
0.0545
0.0478
0.0412
0.0478
0.0543
0.0573
0.0602
0.0576
0.0549
0.0511
0.0473
0.0382
0.029
0.0119
-0.0052
-0.0214
-0.0375
-0.0556
-0.0738
-0.0844
-0.095
-0.0946
-0.0942
-0.0912
-0.0881
-0.0804
-0.0727
-0.0596
-0.0465
-0.0361
-0.0256
-0.0226
-0.0195
-0.0177
-0.016
0.0045
0.0249
0.0485
0.0722
0.0734
0.0746
0.0579
0.0412
0.0197
-0.0018
-0.0089
-0.0159
-0.0106
-0.0053
-0.001
0.0033
-0.0019
-0.0071
-0.0151
-0.0231
-0.0185
-0.014
0.0036
0.0211
0.029
0.0368
0.0468
0.0568
0.0651
0.0733
0.0548
0.0363
0.0186
0.001
0.0011
0.0012
0.0056
0.0099
0.0155
0.0211
0.0255
0.0299
0.0174
0.005
-0.0234
-0.0517
-0.0726
-0.0935
-0.1003
-0.107
-0.1028
-0.0985
-0.0847
-0.071
-0.0497
-0.0284
-0.0112
0.0061
0.0086
0.0111
0.0137
0.0163
0.0226
0.029
0.0267
0.0243
0.0189
0.0135
0.0126
0.0116
0.0085
0.0054
-0.0042
-0.0139
-0.0238
-0.0336
-0.0396
-0.0455
-0.0489
-0.0522
-0.0554
-0.0585
-0.0461
-0.0336
-0.0011
0.0314
0.0608
0.0902
0.0985
0.1069
0.1075
0.108
0.1077
0.1074
0.0886
0.0699
0.038
0.0062
-0.0144
-0.0351
-0.0398
-0.0446
-0.0466
-0.0486
-0.0406
-0.0327
-0.0232
-0.0137
-0.013
-0.0124
-0.0165
-0.0207
-0.0228
-0.025
-0.0134
-0.0018
0.0109
0.0237
0.0252
0.0266
0.0239
0.0211
0.0179
0.0147
0.0111
0.0075
0.0025
-0.0024
-0.0025
-0.0026
-0.0037
-0.0049
-0.0209
-0.037
-0.0445
-0.052
-0.0457
-0.0395
-0.0347
-0.0299
-0.0302
-0.0305
-0.0282
-0.026
-0.0122
0.0016
0.0162
0.0309
0.0403
0.0498
0.0638
0.0778
0.1011
0.1244
0.1353
0.1463
0.1254
0.1044
0.0695
0.0345
0.0051
-0.0243
-0.0477
-0.0712
-0.0891
-0.1071
-0.1137
-0.1203
-0.1186
-0.117
-0.1059
-0.0947
-0.0822
-0.0697
-0.0638
-0.058
-0.0536
-0.0493
-0.049
-0.0487
-0.0613
-0.0738
-0.0857
-0.0975
-0.0974
-0.0972
-0.0792
-0.0612
-0.0375
-0.0137
0.0118
0.0372
0.0641
0.0909
0.1021
0.1133
0.1081
0.1028
0.0849
0.067
0.0571
0.0472
0.0435
0.0399
0.0377
0.0356
0.029
0.0224
0.0157
0.0091
0.0093
0.0095
0.0143
0.0191
0.0262
0.0333
0.0322
0.0311
0.0147
-0.0018
-0.0308
-0.0598
-0.0872
-0.1146
-0.1384
-0.1622
-0.1712
-0.1801
-0.1798
-0.1796
-0.1736
-0.1676
-0.1498
-0.1319
-0.106
-0.0802
-0.0421
-0.0041
0.0272
0.0585
0.053
0.0474
0.0187
-0.01
-0.0236
-0.0371
-0.0388
-0.0404
-0.0392
-0.038
-0.0352
-0.0323
-0.0287
-0.0251
-0.0208
-0.0165
-0.0163
-0.0161
-0.0136
-0.0112
-0.0085
-0.0059
-0.0042
-0.0025
-0.0076
-0.0126
-0.0374
-0.0622
-0.0766
-0.0911
-0.0866
-0.082
-0.0417
-0.0014
0.0575
0.1164
0.1758
0.2353
0.2905
0.3456
0.3695
0.3933
0.4027
0.4121
0.3828
0.3535
0.2823
0.2112
0.1389
0.0666
0.0117
-0.0433
-0.0891
-0.1349
-0.1679
-0.201
-0.2345
-0.2681
-0.2888
-0.3096
-0.3087
-0.3079
-0.2599
-0.2119
-0.1534
-0.0948
0.0124
0.1196
0.2635
0.4074
0.3974
0.3874
0.2939
0.2005
0.1158
0.031
-0.0123
-0.0557
-0.0655
-0.0753
-0.0595
-0.0436
-0.003
0.0377
0.0751
0.1125
0.1229
0.1334
0.1337
0.1341
0.1157
0.0973
0.0572
0.0172
-0.0249
-0.0669
-0.079
-0.0912
-0.0773
-0.0635
-0.0485
-0.0335
-0.0139
0.0057
0.0356
0.0655
0.0685
0.0715
0.0356
-0.0002
-0.035
-0.0698
-0.1052
-0.1407
-0.1457
-0.1506
-0.1287
-0.1068
-0.0655
-0.0242
0.0554
0.1349
0.2246
0.3143
0.3704
0.4266
0.4415
0.4565
0.3908
0.3251
0.2622
0.1994
0.1751
0.1508
0.1225
0.0942
0.0657
0.0373
0.0107
-0.0159
-0.034
-0.052
-0.0626
-0.0731
-0.08
-0.0869
-0.0915
-0.0961
-0.1061
-0.1161
-0.1316
-0.1471
-0.17
-0.1929
-0.2183
-0.2437
-0.2659
-0.288
-0.3128
-0.3376
-0.3441
-0.3507
-0.3524
-0.354
-0.3263
-0.2986
-0.2585
-0.2184
-0.1769
-0.1354
-0.0827
-0.0301
0.0662
0.1625
0.1645
0.1665
0.0821
-0.0023
-0.057
-0.1116
-0.1608
-0.21
-0.2489
-0.2877
-0.3109
-0.3342
-0.3365
-0.3388
-0.3248
-0.3108
-0.2881
-0.2653
-0.2216
-0.1779
-0.1297
-0.0815
0.0936
0.2687
0.4038
0.5389
0.5416
0.5443
0.5563
0.5683
0.5135
0.4588
0.4095
0.3602
0.3207
0.2812
0.2403
0.1993
0.1396
0.0798
0.0358
-0.0083
-0.0457
-0.0831
-0.1112
-0.1394
-0.1547
-0.17
-0.1687
-0.1673
-0.1438
-0.1204
-0.0908
-0.0613
-0.0252
0.0109
0.0434
0.0759
0.0985
0.121
0.1368
0.1526
0.1653
0.178
0.1763
0.1746
0.1646
0.1546
0.1375
0.1203
0.1003
0.0804
0.0499
0.0194
-0.0136
-0.0466
-0.0723
-0.0979
-0.1219
-0.1458
-0.1546
-0.1634
-0.1638
-0.1641
-0.1609
-0.1576
-0.1445
-0.1313
-0.1055
-0.0796
-0.0624
-0.0452
-0.0457
-0.0463
-0.0493
-0.0523
-0.0418
-0.0313
-0.0158
-0.0003
0.0064
0.0131
0.0251
0.0371
0.0504
0.0638
0.0825
0.1012
0.1272
0.1531
0.1717
0.1904
0.1956
0.2008
0.2064
0.212
0.2177
0.2234
0.2152
0.207
0.1751
0.1431
0.1089
0.0746
0.0483
0.0219
0.0026
-0.0168
-0.0331
-0.0495
-0.0746
-0.0997
-0.1244
-0.1491
-0.1714
-0.1937
-0.2114
-0.2292
-0.2399
-0.2507
-0.2579
-0.2651
-0.2712
-0.2773
-0.28
-0.2826
-0.2831
-0.2835
-0.2808
-0.2781
-0.2728
-0.2675
-0.2514
-0.2352
-0.1997
-0.1643
-0.1198
-0.0753
-0.0102
0.0549
0.0762
0.0975
0.0659
0.0343
0.0192
0.004
-0.0024
-0.0088
0.0094
0.0276
0.0581
0.0885
0.1174
0.1463
0.1533
0.1602
0.1322
0.1042
0.0764
0.0486
0.0294
0.0102
0.0117
0.0133
0.0382
0.0631
0.0873
0.1115
0.1231
0.1347
0.1362
0.1377
0.1361
0.1345
0.1236
0.1126
0.0978
0.083
0.0787
0.0745
0.074
0.0734
0.0726
0.0718
0.0782
0.0845
0.0924
0.1003
0.1011
0.1018
0.0887
0.0756
0.0546
0.0337
0.014
-0.0058
-0.0245
-0.0432
-0.0496
-0.0561
-0.0598
-0.0634
-0.0665
-0.0696
-0.0743
-0.0791
-0.0831
-0.0871
-0.0877
-0.0883
-0.0833
-0.0782
-0.0573
-0.0363
-0.0104
0.0155
0.0383
0.0611
0.0739
0.0867
0.0853
0.0838
0.0688
0.0538
0.0314
0.0089
-0.0098
-0.0285
-0.0351
-0.0417
-0.0339
-0.0261
-0.0093
0.0076
0.0199
0.0323
0.0374
0.0426
0.0458
0.049
0.0503
0.0517
0.052
0.0524
0.0516
0.0508
0.0498
0.0488
0.0496
0.0505
0.0559
0.0613
0.0748
0.0883
0.0981
0.1079
0.1108
0.1138
0.0977
0.0816
0.0576
0.0335
0.0126
-0.0083
-0.0266
-0.0448
-0.0559
-0.067
-0.0758
-0.0845
-0.0883
-0.0921
-0.0878
-0.0835
-0.0607
-0.0378
-0.0131
0.0115
0.0338
0.0562
0.0607
0.0653
0.0353
0.0052
-0.0285
-0.0622
-0.0862
-0.1102
-0.1279
-0.1456
-0.1539
-0.1622
-0.1661
-0.1699
-0.1672
-0.1646
-0.1496
-0.1345
-0.1089
-0.0834
-0.055
-0.0266
0.0002
0.027
0.0442
0.0614
0.0617
0.0619
0.0506
0.0392
0.03
0.0207
0.0168
0.0129
0.0029
-0.0071
-0.0188
-0.0305
-0.0363
-0.0422
-0.0451
-0.0481
-0.0426
-0.037
-0.0247
-0.0123
0.0075
0.0273
0.0488
0.0702
0.0769
0.0836
0.0739
0.0641
0.0403
0.0166
-0.0039
-0.0244
-0.0333
-0.0422
-0.0443
-0.0464
-0.0429
-0.0393
-0.0322
-0.025
-0.018
-0.0109
-0.0078
-0.0048
-0.005
-0.0052
-0.0074
-0.0095
-0.0109
-0.0123
-0.0121
-0.0119
-0.0065
-0.0012
0.0097
0.0207
0.0342
0.0477
0.0663
0.0848
0.1032
0.1216
0.1313
0.1409
0.1438
0.1468
0.1461
0.1454
0.1432
0.141
0.1349
0.1288
0.115
0.1012
0.0881
0.075
0.0691
0.0631
0.0568
0.0506
0.0383
0.026
0.016
0.0061
-0.0035
-0.0131
-0.0248
-0.0366
-0.0444
-0.0523
-0.0614
-0.0705
-0.0814
-0.0923
-0.1019
-0.1115
-0.1195
-0.1275
-0.134
-0.1405
-0.1452
-0.1499
-0.1503
-0.1507
-0.1456
-0.1405
-0.13
-0.1194
-0.1082
-0.0969
-0.0867
-0.0765
-0.0705
-0.0646
-0.0572
-0.0498
-0.0374
-0.0249
-0.0127
-0.0005
0.0076
0.0157
0.0216
0.0274
0.036
0.0447
0.06
0.0752
0.0929
0.1105
0.1281
0.1458
0.1563
0.1668
0.1661
0.1654
0.1455
0.1256
0.0897
0.0538
0.0236
-0.0065
-0.0287
-0.051
-0.0616
-0.0723
-0.0776
-0.083
-0.0764
-0.0698
-0.0474
-0.0249
0.0006
0.0261
0.0431
0.06
0.0599
0.0598
0.0438
0.0279
0.0044
-0.019
-0.0383
-0.0575
-0.0697
-0.0819
-0.0862
-0.0905
-0.0932
-0.0958
-0.085
-0.0742
-0.0553
-0.0363
-0.0167
0.0028
0.0187
0.0346
0.04
0.0453
0.0394
0.0334
0.0227
0.012
0.0071
0.0023
-0.0016
-0.0055
-0.0073
-0.0091
-0.0116
-0.0141
-0.0166
-0.0191
-0.0219
-0.0246
-0.0259
-0.0273
-0.0245
-0.0217
-0.018
-0.0144
-0.0124
-0.0103
-0.0091
-0.0078
-0.007
-0.0061
-0.0076
-0.0091
-0.0134
-0.0178
-0.0229
-0.0281
-0.0304
-0.0327
-0.0309
-0.029
-0.0198
-0.0106
0.004
0.0187
0.0363
0.054
0.07
0.086
0.0925
0.0989
0.0917
0.0845
0.0628
0.0411
0.0189
-0.0032
-0.0214
-0.0396
-0.0487
-0.0577
-0.0601
-0.0625
-0.0638
-0.0651
-0.0637
-0.0622
-0.0609
-0.0596
-0.0606
-0.0616
-0.0648
-0.068
-0.0704
-0.0729
-0.0719
-0.071
-0.0652
-0.0594
-0.0498
-0.0402
-0.0288
-0.0173
-0.0066
0.0041
0.0107
0.0172
0.0232
0.0291
0.0369
0.0446
0.0522
0.0597
0.0659
0.0721
0.0789
0.0856
0.0903
0.0949
0.0972
0.0994
0.094
0.0887
0.0736
0.0585
0.0506
0.0427
0.0407
0.0386
0.0393
0.04
0.0454
0.0507
0.056
0.0613
0.0608
0.0603
0.0489
0.0374
0.022
0.0065
-0.0075
-0.0216
-0.032
-0.0424
-0.0473
-0.0522
-0.0529
-0.0535
-0.0487
-0.0438
-0.0389
-0.0339
-0.0337
-0.0336
-0.0386
-0.0436
-0.0532
-0.0628
-0.0703
-0.0779
-0.0808
-0.0836
-0.0837
-0.0838
-0.0727
-0.0615
-0.0397
-0.018
0.0073
0.0326
0.0587
0.0847
0.1096
0.1345
0.1487
0.1629
0.1643
0.1658
0.1573
0.1489
0.1337
0.1185
0.1047
0.0909
0.0777
0.0644
0.0528
0.0411
0.0304
0.0197
0.0077
-0.0043
-0.0128
-0.0214
-0.0247
-0.028
-0.0268
-0.0256
-0.0202
-0.0148
-0.0084
-0.0021
0.0004
0.0029
0.0031
0.0033
-0.0015
-0.0063
-0.0162
-0.026
-0.0311
-0.0363
-0.0392
-0.0421
-0.043
-0.0439
-0.0447
-0.0455
-0.0466
-0.0477
-0.0477
-0.0478
-0.0455
-0.0433
-0.0387
-0.0341
-0.0302
-0.0263
-0.025
-0.0238
-0.0262
-0.0286
-0.0325
-0.0363
-0.0395
-0.0426
-0.0438
-0.0449
-0.0424
-0.0399
-0.0339
-0.0279
-0.021
-0.0142
-0.01
-0.0059
-0.0043
-0.0028
-0.0053
-0.0078
-0.0121
-0.0163
-0.0207
-0.0252
-0.0294
-0.0336
-0.0385
-0.0435
-0.0474
-0.0513
-0.0509
-0.0504
-0.0443
-0.0381
-0.0265
-0.0148
-0.0012
0.0124
0.0231
0.0339
0.0375
0.0411
0.0399
0.0387
0.033
0.0272
0.0194
0.0116
0.0019
-0.0079
-0.017
-0.0261
-0.0312
-0.0364
-0.0388
-0.0412
-0.0426
-0.044
-0.0459
-0.0478
-0.0489
-0.05
-0.05
-0.05
-0.0435
-0.037
-0.0264
-0.0157
-0.009
-0.0022
0.0025
0.0073
0.0118
0.0162
0.0201
0.0239
0.0269
0.0299
0.0311
0.0322
0.0303
0.0284
0.0233
0.0182
0.0118
0.0053
0.0007
-0.0039
-0.0045
-0.005
-0.003
-0.0009
0.0016
0.0042
0.0064
0.0086
0.0099
0.0113
0.0109
0.0106
0.0093
0.0081
0.0076
0.0072
0.0097
0.0122
0.0167
0.0212
0.0257
0.0303
0.0322
0.0341
0.0319
0.0297
0.0246
0.0195
0.0132
0.0069
0.0037
0.0004
-0.0019
-0.0043
-0.0063
-0.0084
-0.0077
-0.007
-0.0043
-0.0016
0.0018
0.0053
0.0081
0.0109
0.0131
0.0153
0.0193
0.0232
0.0288
0.0344
0.0373
0.0402
0.0388
0.0374
0.0333
0.0293
0.0231
0.0169
0.0098
0.0026
-0.0026
-0.0079
-0.01
-0.012
-0.0109
-0.0099
-0.0069
-0.004
0.0039
0.0118
0.0209
0.03
0.0359
0.0417
0.0442
0.0466
0.0449
0.0433
0.0402
0.0372
0.0342
0.0313
0.0285
0.0256
0.0232
0.0209
0.019
0.0172
0.0148
0.0124
0.0097
0.007
0.0059
0.0049
0.0052
0.0054
0.0062
0.0069
0.0069
0.0068
0.0079
0.009
0.0112
0.0134
0.0149
0.0164
0.0175
0.0187
0.0174
0.0161
0.013
0.01
0.0059
0.0017
-0.0038
-0.0094
-0.0145
-0.0197
-0.024
-0.0283
-0.0317
-0.0351
-0.0362
-0.0372
-0.0358
-0.0343
-0.0309
-0.0274
-0.0224
-0.0174
-0.0123
-0.0072
-0.0035
0.0002
0.0012
0.0022
0.0015
0.0009
0.0001
-0.0007
-0.0003
0.0001
0.0004
0.0007
-0.0012
-0.003
-0.0063
-0.0096
-0.0141
-0.0187
-0.0234
-0.028
-0.0322
-0.0364
-0.04
-0.0435
-0.0467
-0.0498
-0.0519
-0.0541
-0.0534
-0.0527
-0.0497
-0.0467
-0.0429
-0.0391
-0.0353
-0.0316
-0.0269
-0.0223
-0.0171
-0.0119
-0.0074
-0.0029
0.0003
0.0036
0.0056
0.0077
0.0089
0.0101
0.0106
0.0112
0.0119
0.0126
0.0148
0.017
0.0226
0.0283
0.0353
0.0424
0.0478
0.0533
0.056
0.0586
0.0569
0.0552
0.0501
0.045
0.0395
0.0341
0.0305
0.0269
0.0252
0.0236
0.0222
0.0209
0.0194
0.0178
0.0152
0.0125
0.008
0.0035
-0.0012
-0.0059
-0.0111
-0.0163
-0.0219
-0.0276
-0.0313
-0.0351
-0.0352
-0.0353
-0.0307
-0.0262
-0.0197
-0.0133
-0.0071
-0.0009
0.0033
0.0075
0.0066
0.0058
0.0015
-0.0028
-0.007
-0.0113
-0.0139
-0.0165
-0.0156
-0.0147
-0.0101
-0.0054
0.0014
0.0082
0.0131
0.018
0.0199
0.0218
0.0215
0.0211
0.0194
0.0176
0.0164
0.0151
0.0147
0.0143
0.0154
0.0165
0.0187
0.0208
0.0224
0.0241
0.0241
0.0242
0.0222
0.0202
0.0153
0.0105
0.0038
-0.0028
-0.0086
-0.0145
-0.0169
-0.0192
-0.0193
-0.0194
-0.019
-0.0187
-0.017
-0.0154
-0.0132
-0.011
-0.0083
-0.0056
-0.0028
0
0.0021
0.0041
0.0047
0.0053
0.0039
0.0025
0.0003
-0.002
-0.0045
-0.007
-0.0073
-0.0075
-0.0048
-0.0021
0.0019
0.006
0.0102
0.0145
0.0187
0.023
0.0255
0.0281
0.027
0.026
0.0215
0.0171
0.0105
0.004
-0.004
-0.012
-0.02
-0.028
-0.0333
-0.0386
-0.0403
-0.042
-0.0392
-0.0363
-0.0313
-0.0263
-0.0213
-0.0163
-0.0141
-0.012
-0.0143
-0.0166
-0.0202
-0.0238
-0.0257
-0.0276
-0.0276
-0.0276
-0.0266
-0.0256
-0.0253
-0.0251
-0.0253
-0.0256
-0.0242
-0.0228
-0.0178
-0.0128
-0.0047
0.0035
0.0124
0.0213
0.0277
0.0341
0.038
0.0418
0.0412
0.0406
0.036
0.0315
0.0259
0.0204
0.0161
0.0117
0.0095
0.0073
0.0093
0.0114
0.0151
0.0188
0.0208
0.0229
0.0233
0.0237
0.0216
0.0194
0.0164
0.0134
0.0096
0.0058
0.0021
-0.0016
-0.005
-0.0084
-0.0102
-0.0119
-0.0122
-0.0125
-0.0109
-0.0093
-0.0063
-0.0034
-0.0002
0.0029
0.0035
0.004
0.0002
-0.0037
-0.0112
-0.0186
-0.0283
-0.0379
-0.045
-0.0522
-0.0573
-0.0623
-0.065
-0.0677
-0.0677
-0.0677
-0.0631
-0.0584
-0.049
-0.0395
-0.032
-0.0246
-0.0207
-0.0168
-0.015
-0.0132
-0.0126
-0.012
-0.0125
-0.0129
-0.0123
-0.0117
-0.008
-0.0042
0.0007
0.0056
0.0101
0.0146
0.0176
0.0206
0.0209
0.0212
0.0198
0.0184
0.0155
0.0126
0.0103
0.0079
0.0082
0.0085
0.0125
0.0165
0.0228
0.0292
0.0343
0.0394
0.0441
0.0488
0.0525
0.0561
0.0599
0.0636
0.0666
0.0696
0.0705
0.0715
0.0697
0.0679
0.0637
0.0594
0.0524
0.0454
0.0371
0.0288
0.0212
0.0137
0.0065
-0.0006
-0.0058
-0.011
-0.0147
-0.0185
-0.0213
-0.0241
-0.0259
-0.0277
-0.0282
-0.0287
-0.0285
-0.0282
-0.0268
-0.0255
-0.0234
-0.0213
-0.0183
-0.0153
-0.0105
-0.0058
0.0008
0.0074
0.0132
0.0191
0.0228
0.0266
0.0273
0.028
0.0256
0.0232
0.0193
0.0155
0.0116
0.0077
0.0044
0.0011
-0.0018
-0.0047
-0.0076
-0.0105
-0.0134
-0.0163
-0.0176
-0.0188
-0.0175
-0.0162
-0.012
-0.0078
-0.0034
0.001
0.005
0.0089
0.0117
0.0144
0.015
0.0156
0.0147
0.0138
0.0118
0.0098
0.0072
0.0045
0.0033
0.0022
0.0016
0.0011
-0.0001
-0.0013
-0.0031
-0.0048
-0.0064
-0.008
-0.0093
-0.0106
-0.0102
-0.0099
-0.0092
-0.0086
-0.0085
-0.0084
-0.0091
-0.0098
-0.0125
-0.0152
-0.0181
-0.021
-0.0239
-0.0268
-0.0294
-0.032
-0.0344
-0.0368
-0.0388
-0.0407
-0.0425
-0.0442
-0.0456
-0.047
-0.0484
-0.0499
-0.049
-0.0481
-0.0444
-0.0407
-0.0356
-0.0306
-0.0256
-0.0207
-0.0166
-0.0125
-0.0088
-0.0052
-0.0032
-0.0013
-0.0009
-0.0005
-0.0019
-0.0032
-0.0045
-0.0058
-0.0058
-0.0059
-0.0055
-0.0052
-0.0032
-0.0013
0.0019
0.005
0.009
0.0129
0.0165
0.0202
0.0222
0.0242
0.0232
0.0222
0.0182
0.0141
0.0095
0.0048
0.0017
-0.0013
-0.0028
-0.0043
-0.0051
-0.0058
-0.0063
-0.0068
-0.0078
-0.0087
-0.0105
-0.0123
-0.0146
-0.0169
-0.018
-0.0191
-0.0186
-0.0182
-0.0154
-0.0127
-0.0073
-0.002
0.0056
0.0132
0.0201
0.027
0.0314
0.0358
0.0373
0.0388
0.0367
0.0347
0.0299
0.0251
0.0214
0.0176
0.018
0.0184
0.0229
0.0273
0.0328
0.0383
0.041
0.0437
0.0436
0.0434
0.041
0.0387
0.0368
0.0349
0.0331
0.0313
0.0289
0.0265
0.0239
0.0213
0.0181
0.0148
0.0115
0.0082
0.0047
0.0013
-0.0007
-0.0028
-0.0033
-0.0038
-0.004
-0.0043
-0.0052
-0.0061
-0.0082
-0.0103
-0.0123
-0.0143
-0.0158
-0.0174
-0.0174
-0.0173
-0.0148
-0.0123
-0.0089
-0.0056
-0.0026
0.0004
0.0017
0.003
0.0026
0.0023
0.0005
-0.0012
-0.0029
-0.0047
-0.0064
-0.0081
-0.0093
-0.0104
-0.0123
-0.0142
-0.0174
-0.0206
-0.0235
-0.0264
-0.0285
-0.0305
-0.0315
-0.0325
-0.0321
-0.0318
-0.0307
-0.0296
-0.0284
-0.0272
-0.0255
-0.0238
-0.0217
-0.0196
-0.0161
-0.0126
-0.0081
-0.0035
0.0017
0.0068
0.0129
0.0191
0.0249
0.0308
0.0345
0.0382
0.0405
0.0427
0.0421
0.0416
0.0394
0.0373
0.0341
0.031
0.0271
0.0232
0.0186
0.014
0.0097
0.0053
0.0025
-0.0004
-0.0005
-0.0006
0.0022
0.0049
0.0073
0.0097
0.0114
0.0132
0.0123
0.0115
0.0095
0.0074
0.0049
0.0024
-0.0011
-0.0046
-0.0075
-0.0104
-0.0134
-0.0164
-0.0192
-0.0221
-0.0256
-0.0292
-0.0321
-0.035
-0.0367
-0.0383
-0.0384
-0.0384
-0.0359
-0.0333
-0.0298
-0.0263
-0.0214
-0.0166
-0.0126
-0.0087
-0.0071
-0.0054
-0.0062
-0.007
-0.0082
-0.0094
-0.0101
-0.0107
-0.0096
-0.0085
-0.0051
-0.0018
0.0011
0.0041
0.0061
0.0081
0.0072
0.0064
0.0043
0.0021
0
-0.0022
-0.0017
-0.0013
0.0035
0.0083
0.0141
0.0198
0.0236
0.0275
0.0302
0.0328
0.0339
0.0349
0.0342
0.0335
0.0315
0.0295
0.0283
0.0271
0.0271
0.0271
0.0271
0.0272
0.0252
0.0233
0.0192
0.0151
0.0101
0.0051
0.0009
-0.0033
-0.0056
-0.0078
-0.0086
-0.0094
-0.0087
-0.0081
-0.008
-0.0079
-0.009
-0.0102
-0.0119
-0.0136
-0.0152
-0.0169
-0.018
-0.0191
-0.0182
-0.0172
-0.0151
-0.013
-0.0104
-0.0078
-0.0059
-0.004
-0.0038
-0.0036
-0.0044
-0.0051
-0.0052
-0.0053
-0.0052
-0.0052
-0.0057
-0.0062
-0.0063
-0.0065
-0.0074
-0.0084
-0.0097
-0.011
-0.0112
-0.0113
-0.011
-0.0108
-0.0097
-0.0087
-0.0066
-0.0046
-0.0024
-0.0001
0.0018
0.0037
0.0047
0.0058
0.0058
0.0058
0.0046
0.0035
0.0015
-0.0004
-0.0021
-0.0039
-0.0041
-0.0043
-0.0037
-0.003
-0.0009
0.0013
0.0044
0.0074
0.0092
0.0109
0.0128
0.0146
0.0155
0.0163
0.0163
0.0163
0.0157
0.015
0.0144
0.0138
0.013
0.0121
0.0107
0.0092
0.0084
0.0077
0.0065
0.0053
0.0043
0.0033
0.0031
0.0029
0.0028
0.0027
0.0028
0.003
0.0024
0.0018
0
-0.0018
-0.0044
-0.0071
-0.0093
-0.0114
-0.0123
-0.0132
-0.0132
-0.0133
-0.0127
-0.0122
-0.0114
-0.0107
-0.0097
-0.0086
-0.0078
-0.007
-0.0073
-0.0076
-0.0074
-0.0071
-0.0062
-0.0053
-0.0049
-0.0046
-0.0036
-0.0025
-0.0021
-0.0017
-0.003
-0.0043
-0.0069
-0.0095
-0.0123
-0.015
-0.0174
-0.0198
-0.0211
-0.0224
-0.0223
-0.0223
-0.0209
-0.0195
-0.0175
-0.0155
-0.0146
-0.0136
-0.0134
-0.0132
-0.0131
-0.013
-0.0117
-0.0104
-0.0082
-0.006
-0.0045
-0.003
-0.0025
-0.002
-0.0024
-0.0027
-0.0031
-0.0036
-0.0026
-0.0016
0.001
0.0035
0.0073
0.0111
0.0147
0.0183
0.0216
0.025
0.0265
0.0279
0.0263
0.0246
0.0216
0.0186
0.0157
0.0128
0.0106
0.0084
0.0071
0.0057
0.0047
0.0037
0.0019
0.0001
-0.002
-0.004
-0.0063
-0.0086
-0.0099
-0.0112
-0.0116
-0.012
-0.0108
-0.0095
-0.0064
-0.0033
-0.0008
0.0018
0.0037
0.0056
0.0065
0.0074
0.0081
0.0089
0.0096
0.0104
0.0103
0.0101
0.0094
0.0087
0.0069
0.0051
0.0038
0.0025
0.0018
0.0011
0.0005
-0.0001
0.0001
0.0002
0.0003
0.0004
-0.0007
-0.0017
-0.0037
-0.0056
-0.0074
-0.0093
-0.0107
-0.0122
-0.0125
-0.0129
-0.0123
-0.0117
-0.0108
-0.0099
-0.0091
-0.0082
-0.0064
-0.0045
-0.0018
0.0009
0.0032
0.0054
0.0079
0.0104
0.0121
0.0138
0.015
0.0163
0.0169
0.0175
0.0173
0.0172
0.0177
0.0182
0.0182
0.0182
0.0181
0.0181
0.0181
0.0181
0.018
0.0179
0.0178
0.0177
0.0169
0.0162
0.0147
0.0133
0.0124
0.0115
0.0107
0.01
0.0105
0.0111
0.0113
0.0115
0.0099
0.0083
0.0057
0.0032
0.0007
-0.0019
-0.0034
-0.0049
-0.0047
-0.0045
-0.0031
-0.0017
-0.0012
-0.0007
-0.0017
-0.0027
-0.0042
-0.0057
-0.0074
-0.0092
-0.0109
-0.0126
-0.0136
-0.0146
-0.0164
-0.0182
-0.0192
-0.0203
-0.0208
-0.0212
-0.0203
-0.0193
-0.0183
-0.0173
-0.0177
-0.0181
-0.0188
-0.0195
-0.02
-0.0204
-0.0203
-0.0201
-0.0191
-0.018
-0.016
-0.014
-0.0121
-0.0103
-0.0077
-0.0052
-0.0029
-0.0006
0.001
0.0026
0.0033
0.004
0.0051
0.0063
0.0068
0.0074
0.0084
0.0093
0.0098
0.0103
0.0104
0.0106
0.0117
0.0129
0.0141
0.0153
0.0169
0.0185
0.0199
0.0212
0.0214
0.0216
0.0205
0.0195
0.0168
0.0142
0.0109
0.0075
0.0053
0.0032
0.0005
-0.0021
-0.0033
-0.0045
-0.004
-0.0036
-0.0023
-0.0009
-0.0009
-0.0008
-0.0015
-0.0023
-0.0042
-0.0062
-0.0089
-0.0117
-0.0141
-0.0166
-0.0187
-0.0208
-0.0215
-0.0222
-0.0215
-0.0208
-0.0187
-0.0166
-0.015
-0.0134
-0.0123
-0.0112
-0.0108
-0.0104
-0.0096
-0.0089
-0.008
-0.0071
-0.0073
-0.0074
-0.0077
-0.008
-0.0073
-0.0065
-0.005
-0.0036
-0.0006
0.0024
0.0062
0.01
0.0139
0.0178
0.0206
0.0235
0.0247
0.026
0.0268
0.0275
0.0267
0.0258
0.0244
0.023
0.0206
0.0181
0.0142
0.0104
0.0069
0.0034
0.0003
-0.0027
-0.005
-0.0072
-0.0081
-0.0089
-0.0075
-0.0061
-0.0027
0.0007
0.0044
0.0082
0.0118
0.0154
0.0184
0.0213
0.0222
0.0232
0.0218
0.0205
0.0182
0.0158
0.0135
0.0111
0.0094
0.0077
0.0066
0.0056
0.0051
0.0045
0.0036
0.0027
0.0019
0.001
-0.0004
-0.0018
-0.004
-0.0062
-0.007
-0.0078
-0.0071
-0.0064
-0.0052
-0.004
-0.004
-0.004
-0.0038
-0.0037
-0.0041
-0.0046
-0.0059
-0.0072
-0.0084
-0.0096
-0.0116
-0.0137
-0.015
-0.0164
-0.0168
-0.0172
-0.0166
-0.0159
-0.015
-0.0141
-0.0138
-0.0135
-0.0133
-0.013
-0.0124
-0.0118
-0.0113
-0.0109
-0.0098
-0.0087
-0.0071
-0.0056
-0.005
-0.0044
-0.0043
-0.0043
-0.0043
-0.0043
-0.0038
-0.0033
-0.0035
-0.0038
-0.0032
-0.0026
-0.0018
-0.001
-0.0002
0.0005
0.0011
0.0018
0.0013
0.0009
0.0011
0.0013
0.0011
0.0008
0.0001
-0.0006
-0.0009
-0.0012
-0.0012
-0.0013
0.0009
0.0031
0.0053
0.0075
0.0089
0.0103
0.0109
0.0115
0.0106
0.0098
0.0074
0.005
0.0022
-0.0005
-0.0017
-0.003
-0.0036
-0.0043
-0.004
-0.0036
-0.0024
-0.0012
0
0.0012
0.0011
0.001
0.0011
0.0013
0.0003
-0.0006
-0.0018
-0.0029
-0.0034
-0.0038
-0.0047
-0.0056
-0.0066
-0.0076
-0.0083
-0.009
-0.0073
-0.0057
-0.0046
-0.0035
-0.0023
-0.0011
0.0003
0.0017
0.0019
0.002
0.0011
0.0002
-0.0019
-0.004
-0.0049
-0.0059
-0.0067
-0.0074
-0.0071
-0.0067
-0.0053
-0.0039
-0.0023
-0.0007
0.0008
0.0023
0.0032
0.004
0.0044
0.0048
0.004
0.0032
0.0023
0.0014
-0.0003
-0.0021
-0.0036
-0.0051
-0.0068
-0.0085
-0.0101
-0.0116
-0.0121
-0.0126
-0.0137
-0.0148
-0.0143
-0.0138
-0.0129
-0.0119
-0.0109
-0.0098
-0.0079
-0.006
-0.0043
-0.0026
-0.0008
0.0009
0.0025
0.0042
0.0063
0.0084
0.0104
0.0124
0.0132
0.014
0.0142
0.0145
0.0142
0.014
0.0132
0.0125
0.0128
0.0131
0.0136
0.0142
0.0153
0.0165
0.0165
0.0165
0.0158
0.015
0.0141
0.0133
0.0117
0.0101
0.0096
0.0092
0.0083
0.0075
0.0072
0.0069
0.0068
0.0067
0.0064
0.0061
0.0048
0.0034
0.002
0.0006
-0.0002
-0.0009
-0.0014
-0.0018
-0.0015
-0.0012
-0.0012
-0.0012
-0.0009
-0.0006
-0.0006
-0.0005
-0.0012
-0.0018
-0.0023
-0.0028
-0.0032
-0.0036
-0.0043
-0.0049
-0.0051
-0.0053
-0.0056
-0.0059
-0.0061
-0.0064
-0.0062
-0.006
-0.0052
-0.0044
-0.0027
-0.001
0.0001
0.0011
0.003
0.0048
0.006
0.0072
0.0069
0.0067
0.0058
0.0049
0.0033
0.0017
0.0011
0.0004
0.0007
0.001
0.0024
0.0037
0.0054
0.007
0.0079
0.0088
0.0085
0.0083
0.0079
0.0074
0.0074
0.0074
0.0084
0.0093
0.0088
0.0084
0.0077
0.0071
0.0061
0.0051
0.0034
0.0018
0.0013
0.0008
-0.0003
-0.0013
-0.0013
-0.0013
-0.0021
-0.0029
-0.0039
-0.0048
-0.0048
-0.0049
-0.0041
-0.0033
-0.0025
-0.0016
0
0.0016
0.0019
0.0022
0.0023
0.0024
0.0017
0.001
0.0002
-0.0005
-0.0009
-0.0012
-0.0019
-0.0026
-0.0023
-0.002
-0.0018
-0.0016
-0.0015
-0.0015
-0.0017
-0.0019
-0.0028
-0.0037
-0.0055
-0.0073
-0.0063
-0.0053
-0.0051
-0.0048
-0.0043
-0.0038
-0.0038
-0.0037
-0.0033
-0.0029
-0.0033
-0.0036
-0.0048
-0.0059
-0.0072
-0.0084
-0.0104
-0.0123
-0.0139
-0.0155
-0.017
-0.0185
-0.0187
-0.0188
-0.0183
-0.0177
-0.0166
-0.0156
-0.015
-0.0144
-0.0151
-0.0158
-0.0172
-0.0187
-0.0192
-0.0198
-0.0207
-0.0217
-0.0207
-0.0197
-0.0173
-0.0148
-0.0126
-0.0104
-0.008
-0.0055
-0.0036
-0.0016
0.0009
0.0035
0.0049
0.0063
0.0075
0.0087
0.0104
0.0121
0.0133
0.0145
0.0155
0.0165
0.0175
0.0186
0.0192
0.0198
0.0198
0.0199
0.0196
0.0194
0.0191
0.0188
0.0181
0.0174
0.0174
0.0173
0.0167
0.016
0.0148
0.0136
0.0123
0.011
0.0097
0.0084
0.0075
0.0065
0.0056
0.0047
0.0037
0.0028
0.0024
0.002
0.0014
0.0008
-0.0004
-0.0015
-0.0016
-0.0018
-0.0025
-0.0032
-0.0034
-0.0036
-0.0046
-0.0056
-0.006
-0.0064
-0.0064
-0.0064
-0.0058
-0.0052
-0.0042
-0.0032
-0.0023
-0.0014
-0.0012
-0.001
-0.0012
-0.0013
-0.0013
-0.0013
-0.0014
-0.0015
-0.0013
-0.0011
-0.0007
-0.0004
0.0005
0.0015
0.0021
0.0027
0.0029
0.003
0.0025
0.0021
0.0018
0.0015
0.0004
-0.0006
-0.0013
-0.0021
-0.0032
-0.0042
-0.0046
-0.005
-0.0046
-0.0043
-0.0035
-0.0027
-0.0015
-0.0003
0.0009
0.002
0.0025
0.0031
0.0024
0.0018
0.001
0.0002
-0.0007
-0.0016
-0.0023
-0.003
-0.0031
-0.0033
-0.0034
-0.0035
-0.0035
-0.0036
-0.0036
-0.0035
-0.0029
-0.0022
-0.0016
-0.0009
-0.001
-0.0011
-0.0009
-0.0007
-0.0008
-0.0009
-0.0005
-0.0002
0.0007
0.0016
0.002
0.0023
0.0029
0.0035
0.0027
0.0018
0.0019
0.0019
0.0031
0.0042
0.0042
0.0041
0.0057
0.0072
0.0081
0.009
0.0098
0.0105
0.0114
0.0124
0.0123
0.0122
0.0117
0.0113
0.0101
0.0089
0.0079
0.0068
0.0054
0.004
0.0031
0.0023
0.0016
0.0009
0.0001
-0.0006
-0.0012
-0.0019
-0.0025
-0.0031
-0.0029
-0.0026
-0.0022
-0.0017
-0.0009
0
-0.0002
-0.0003
-0.0005
-0.0007
-0.0021
-0.0036
-0.0053
-0.007
-0.0081
-0.0092
-0.0104
-0.0117
-0.0116
-0.0116
-0.0113
-0.0111
-0.0112
-0.0113
-0.0111
-0.011
-0.0109
-0.0109
-0.0102
-0.0096
-0.0093
-0.009
-0.0078
-0.0066
-0.0053
-0.0039
-0.0031
-0.0022
-0.0024
-0.0026
-0.0031
-0.0036
-0.0037
-0.0038
-0.0044
-0.005
-0.0045
-0.004
-0.0034
-0.0028
-0.0022
-0.0017
-0.0006
0.0005
0.0013
0.0021
0.0023
0.0024
0.0028
0.0033
0.0032
0.0031
0.003
0.003
0.0026
0.0021
0.0031
0.0041
0.0046
0.0051
0.0043
0.0035
0.0021
0.0007
-0.0005
-0.0017
-0.0025
-0.0033
-0.0039
-0.0045
-0.0041
-0.0037
-0.0037
-0.0038
-0.0037
-0.0036
-0.0027
-0.0017
-0.0015
-0.0013
-0.0024
-0.0034
-0.0032
-0.003
-0.0038
-0.0045
-0.0043
-0.0042
-0.003
-0.0017
0.0003
0.0024
0.0052
0.008
0.0099
0.0118
0.0135
0.0153
0.0153
0.0153
0.0143
0.0134
0.012
0.0106
0.0095
0.0084
0.0081
0.0079
0.0075
0.007
0.0069
0.0068
0.006
0.0052
0.0045
0.0038
0.0027
0.0016
-0.0005
-0.0025
-0.0039
-0.0053
-0.0061
-0.0068
-0.007
-0.0072
-0.0065
-0.0059
-0.005
-0.0041
-0.0037
-0.0034
-0.0034
-0.0034
-0.0034
-0.0034
-0.0036
-0.0037
-0.0036
-0.0035
-0.0026
-0.0016
-0.0012
-0.0008
-0.0012
-0.0015
-0.0017
-0.002
-0.0017
-0.0014
-0.0008
-0.0002
0.0006
0.0013
0.0023
0.0033
0.0048
0.0063
0.0067
0.0072
0.008
0.0088
0.0094
0.01
0.0107
0.0113
0.0121
0.0129
0.0131
0.0134
0.0129
0.0123
0.0108
0.0093
0.008
0.0067
0.0057
0.0047
0.0039
0.0032
0.0017
0.0003
0
-0.0003
-0.0008
-0.0013
-0.0018
-0.0024
-0.0023
-0.0023
-0.0027
-0.003
-0.0029
-0.0028
-0.0029
-0.0031
-0.0035
-0.004
-0.0047
-0.0054
-0.0065
-0.0076
-0.0079
-0.0082
-0.0073
-0.0063
-0.0049
-0.0035
-0.002
-0.0004
0.0005
0.0015
0.0015
0.0015
0.001
0.0006
-0.0001
-0.0008
-0.0011
-0.0013
-0.0014
-0.0015
-0.0008
-0.0001
0.0005
0.0012
0.0009
0.0005
0.0002
-0.0002
-0.0012
-0.0022
-0.0031
-0.004
-0.0049
-0.0058
-0.0066
-0.0073
-0.0077
-0.008
-0.0083
-0.0085
-0.0078
-0.0071
-0.0067
-0.0063
-0.0058
-0.0053
-0.0053
-0.0052
-0.0053
-0.0054
-0.0056
-0.0058
-0.0062
-0.0067
-0.0062
-0.0057
-0.0051
-0.0045
-0.0039
-0.0034
-0.0028
-0.0022
-0.0013
-0.0004
0
0.0004
0.0005
0.0007
0.0004
0
-0.0007
-0.0014
-0.0018
-0.0022
-0.0023
-0.0024
-0.0022
-0.0021
-0.002
-0.0019
-0.0014
-0.0009
0.0001
0.0011
0.0017
0.0023
0.003
0.0037
0.0035
0.0033
0.0028
0.0022
0.0016
0.0009
0.0007
0.0005
0.0006
0.0006
0.0005
0.0003
0.0003
0.0003
-0.0003
-0.001
-0.0008
-0.0007
-0.0003
0.0001
0.0009
0.0017
0.002
0.0022
0.0026
0.003
0.0033
0.0036
0.0037
0.0037
0.0038
0.004
0.0038
0.0035
0.003
0.0025
0.0016
0.0008
0.0002
-0.0004
-0.0008
-0.0012
-0.0013
-0.0014
-0.0011
-0.0007
0
0.0007
0.0017
0.0028
0.0035
0.0042
0.0045
0.0049
0.0047
0.0045
0.004
0.0035
0.0032
0.003
0.0028
0.0027
0.0023
0.0019
0.0013
0.0007
0.0005
0.0003
0.0001
-0.0002
-0.0002
-0.0002
-0.0001
0
0
-0.0001
-0.0004
-0.0007
-0.0011
-0.0015
-0.0019
-0.0023
-0.0025
-0.0028
-0.0027
-0.0025
-0.002
-0.0014
-0.0009
-0.0003
-0.0001
0.0001
0.0003
0.0006
0.0007
0.0007
0.0007
0.0007
0.0007
0.0008
0.0008
0.0008
0.0008
0.0007
0.0006
0.0005
0.0005
0.0005
0.0005
0.0004
0.0002
0
-0.0003
-0.0007
-0.0007
-0.0008
-0.0009
-0.001
-0.0009
-0.0009
-0.0008
-0.0008
-0.0008
-0.0008
-0.0007
-0.0007
-0.0007
-0.0007
-0.0007
-0.0008
-0.001
-0.0012
-0.0013
-0.0013
-0.0013
-0.0014
-0.0013
-0.0012
-0.0011
-0.001
-0.0008
-0.0006
-0.0006
-0.0005
-0.0006
-0.0006
-0.0005
-0.0004
-0.0004
-0.0003
-0.0002
0
0.0001
0.0002
0.0002
0.0002
0.0002
0.0002
0.0002
0.0002
0.0001
0.0001
0.0002
0.0002
0.0003
0.0004
0.0005
0.0007
0.0008
0.0009
0.001
0.001
0.0011
0.0012
0.0012
0.0012
0.0011
0.0011
0.001
0.001
0.0009
0.0008
0.0007
0.0006
0.0005
0.0004
0.0004
0.0004
0.0003
0.0003
0.0003
0.0002
0.0002
0.0002
0.0002
0.0003
0.0003
0.0003
0.0003
0.0003
0.0002
0.0002
0.0002
0.0002
0.0001
0.0001
0.0001
0.0001
0
0
0
0
0
0
0
-0.0001
-0.0001
-0.0001
-0.0001
-0.0001
-0.0001
-0.0001
-0.0001
-0.0001
-0.0001
-0.0001
-0.0001
-0.0001
-0.0001
-0.0001
-0.0001
-0.0001
-0.0001
-0.0001
-0.0001
-0.0001
-0.0001
-0.0001
-0.0001
-0.0001
-0.0001
-0.0001
