3.467940974148523980e-01
3.490078350114699801e-01
3.619419712290427582e-01
3.680258661302205359e-01
3.949829079450782876e-01
4.028094261612955029e-01
4.398513928128953143e-01
4.314821515287151077e-01
4.231409602133037740e-01
5.168650750590432219e-01
6.170503261610781331e-01
6.970004835611461891e-01
9.188920813897760720e-01
8.973605301924646449e-01
1.010067405851960531e+00
1.184445806308433990e+00
1.089559127930093574e+00
8.932640921285057711e-01
8.239654742887908556e-01
9.212142013102023741e-01
8.205600907341048522e-01
7.768901892437420909e-01
8.644437817758989784e-01
7.941066991061890290e-01
7.855589357595423872e-01
8.454551352189334512e-01
8.409942012200354311e-01
8.635656500532538082e-01
8.161738797510565968e-01
8.136940231521888611e-01
8.846643993152840668e-01
9.103340587304570297e-01
9.281022997741619207e-01
9.451413872595386678e-01
9.036836774561034513e-01
9.404213179158950053e-01
9.265181544141595227e-01
8.556992716730390525e-01
7.760495184925620960e-01
7.327268610484563016e-01
7.246707258315803202e-01
7.200165052110840680e-01
7.148536073208787700e-01
7.210158868281055788e-01
7.321748251538254815e-01
7.230809031762481798e-01
6.730756710427945322e-01
6.854116205502925885e-01
6.716829106140845829e-01
6.331226959784427288e-01
5.796699852769597872e-01
5.238490026214835948e-01
4.757715183243547141e-01
4.551422050911663741e-01
4.506363444673286978e-01
4.578540826764573302e-01
4.633571335441465378e-01
4.599574184268919730e-01
4.558850904947238103e-01
4.442718920980846531e-01
4.362593242092178691e-01
4.265049254857350980e-01
4.060094891228021030e-01
3.802917985407621715e-01
3.538215747659370081e-01
3.315598054773755132e-01
3.252882673012008063e-01
3.240255596113808534e-01
3.255728774468293341e-01
3.287598257638040256e-01
3.318459313144496714e-01
3.339204499948530414e-01
3.343934716772670734e-01
3.330362210828382019e-01
3.298430552628622836e-01
3.249048958134491127e-01
3.184363503790495487e-01
3.108972670779946434e-01
3.024295506849755677e-01
2.933390466864626567e-01
2.838529247730091076e-01
2.742373997281466469e-01
2.648537171227037246e-01
2.554566338581332752e-01
2.467008653711854627e-01
2.383893940329338546e-01
2.307465699080169241e-01
2.278519347149801089e-01
2.356889107987827081e-01
2.425329544650407232e-01
2.546660312933268222e-01
2.664060888361878821e-01
2.771385685805009547e-01
2.867908754732948484e-01
2.960846443205248368e-01
3.047598585606118293e-01
3.131579084869163254e-01
3.225125680370807268e-01
3.337498342255925676e-01
3.520634841194383857e-01
3.743626199316494318e-01
3.939290446616150465e-01
4.100015540331400921e-01
4.212821487052119673e-01
4.274236885203749892e-01
4.278788429325293685e-01
4.233890111234965281e-01
4.196760547974606181e-01
4.143951818434212786e-01
4.045314620955258178e-01
3.992757089836860285e-01
3.935465146784289936e-01
3.860535079079133181e-01
3.768036304176794471e-01
3.661021858546610885e-01
3.542568501969605155e-01
3.415607666624297933e-01
3.285355038559363838e-01
3.155875230953438249e-01
3.029732182666680096e-01
2.910695186992137695e-01
2.803582690917593712e-01
2.708080730914403378e-01
2.626006118954288260e-01
2.558159553067542169e-01
2.504494808644605608e-01
2.464309919005501504e-01
2.436442192361789605e-01
2.419452097878784791e-01
2.412339973221633016e-01
2.413189589438166083e-01
2.420577420267470137e-01
2.433272530064469474e-01
2.450241513656976067e-01
2.470655366411295961e-01
2.493872419814987529e-01
2.520215048142125935e-01
2.549841893553430605e-01
2.581265315136834770e-01
2.614162774624615992e-01
2.650805453249204247e-01
2.688524770310992684e-01
2.728498678773956798e-01
2.769775226268577084e-01
2.813578610619730802e-01
2.859038411204598007e-01
2.907323348362121918e-01
2.960395302628924807e-01
3.019161128748067968e-01
3.080480130274911299e-01
3.141190560206923443e-01
3.200254816017935044e-01
3.255226307128383234e-01
3.304397075168015174e-01
3.347952526248877958e-01
3.410791480047035140e-01
3.487458856533771634e-01
3.560256113783759613e-01
3.628735813335375870e-01
3.692754994868563401e-01
3.752389003704846848e-01
3.808108212943513982e-01
3.860760218390680287e-01
3.908907562382961665e-01
3.952007233979932255e-01
3.989417681067973231e-01
4.020096085362538374e-01
4.043475624388322420e-01
4.058915780572320831e-01
4.066041306305582803e-01
4.064826880931836639e-01
4.055584132597818137e-01
4.038842644583696684e-01
4.015170915629217019e-01
3.985083886408647413e-01
3.950442319131708402e-01
3.910445752375640294e-01
3.865261945988711645e-01
3.815053734241669603e-01
3.760606489761925131e-01
3.700873949520573913e-01
3.635890572865488335e-01
3.592131322476779243e-01
3.561933413156016526e-01
3.528001458217230879e-01
3.490854289148518363e-01
3.450820721425973403e-01
3.408031437245604423e-01
3.362473300453871494e-01
3.314034687739718099e-01
3.262585610489558419e-01
3.208079694297957807e-01
3.150606876071290752e-01
3.090801445832594974e-01
3.029058327323333466e-01
2.965134173900618730e-01
2.899550594928209657e-01
2.832984054522760808e-01
2.766136465457149640e-01
2.700460422826343465e-01
2.636461503813863905e-01
2.573584952835407669e-01
2.510319299157049988e-01
2.445934070635296387e-01
2.381359762633208366e-01
2.315421952900347524e-01
2.272200881417072715e-01
2.241588095985669049e-01
2.210205728589722529e-01
2.177496632099228113e-01
2.144569229436619484e-01
2.109825827842697898e-01
2.074915221182696279e-01
2.038306541188436849e-01
2.001724423896386329e-01
1.963904668664294140e-01
1.925685648302326303e-01
1.887089139470030097e-01
1.847572999391900728e-01
1.808588462606030844e-01
1.768901502887985921e-01
1.729064258456070591e-01
1.689545248036111724e-01
1.649672851281468455e-01
1.609985158496688717e-01
1.570731273550242113e-01
1.531411869389764369e-01
1.492268435340222688e-01
1.453920587798483155e-01
1.415738475418675257e-01
1.377808363542636638e-01
1.340606901956918062e-01
1.304006853627906470e-01
1.267820817431285774e-01
1.239802765157153736e-01
1.220334342278484308e-01
1.201363248086240731e-01
1.182479333877564931e-01
1.163696822185982110e-01
1.145168002450399070e-01
1.126990067326568701e-01
1.108940521802867091e-01
1.091033263054626695e-01
1.073505355165270264e-01
1.056219897237821864e-01
1.039094978977855160e-01
1.022141028257759349e-01
1.005582487898864369e-01
9.892529338537585371e-02
9.731054726688481704e-02
9.571476548143637020e-02
9.415154801023742359e-02
9.261733145358895525e-02
9.110262145399354583e-02
8.960793806993168353e-02
8.813761307599542183e-02
8.670272715025795218e-02
8.528796378397680844e-02
8.389365410335176965e-02
8.252007668932138940e-02
8.117907549440590842e-02
7.986235057917105695e-02
7.856601628333396981e-02
7.729021212396118556e-02
7.603503812224275682e-02
7.481065255231594824e-02
7.360871502439922387e-02
7.242676838964293151e-02
7.126481380596798310e-02
7.012282350230152062e-02
6.900074287315645372e-02
6.790620598208178815e-02
6.683264217190100498e-02
6.577811965638344360e-02
6.474252291727924935e-02
6.372571755185467424e-02
6.272755185175328541e-02
6.174785829995693004e-02
6.078920637810435873e-02
5.985231945026502076e-02
5.893290867835539182e-02
5.803077747134225556e-02
5.714571889403965987e-02
5.627751675966342904e-02
5.542594665896999340e-02
5.459077692853169655e-02
5.377176956067517694e-02
5.297062897376057095e-02
5.218727369120632065e-02
5.141906671000861379e-02
5.066576679902354274e-02
4.992712949898672758e-02
4.941393900164512548e-02
4.897663399837354214e-02
4.854989821786605264e-02
4.812677921655888341e-02
4.770734583134370044e-02
4.729165971332602997e-02
4.687977569419063406e-02
4.647174213845944174e-02
4.606760128201023430e-02
4.566738955722166732e-02
4.527113790511547164e-02
4.487887207486211671e-02
4.449061291102258259e-02
4.410637662888792360e-02
4.372617507828553685e-02
4.335001599620829510e-02
4.297790324862657552e-02
4.260983706183280040e-02
4.224581424366687793e-02
4.188582839496265975e-02
4.152987011155100799e-02
4.134240953325835771e-02
4.140661256087983105e-02
4.145960905234429006e-02
4.150182787703598358e-02
4.153851278067142300e-02
4.156400266972298807e-02
4.157834013322751765e-02
4.158664138741360872e-02
4.158539221018059395e-02
4.157514671219361690e-02
4.155891277173526244e-02
4.153344024209212199e-02
4.150287604474659636e-02
4.146456165301091318e-02
4.142036302201376058e-02
4.137163676553273078e-02
4.131659711207881502e-02
4.125661738383155225e-02
4.119016406861625984e-02
4.111837847491309206e-02
4.103769954747590182e-02
4.095327842901952398e-02
4.086200603129069853e-02
4.076251041044379186e-02
4.065579978571501329e-02
4.054697064239457666e-02
4.043060428631681247e-02
4.030696432657301931e-02
4.017631597890696654e-02
4.004132785493771246e-02
3.990346848560857168e-02
3.975928463355080794e-02
3.960903893861120878e-02
3.945299274571584247e-02
3.929140561032518769e-02
3.912689972046441700e-02
3.896053839237879901e-02
3.878927671795075888e-02
3.861336238037912927e-02
3.843303963998168787e-02
3.824854906218241868e-02
3.806012727639396243e-02
3.786811141094267863e-02
3.767745766766688459e-02
3.748343218904765656e-02
3.728625450976590094e-02
3.708613954965504778e-02
3.688329750710268168e-02
3.667793377076559308e-02
3.647024884813600265e-02
3.626043830958495390e-02
3.604869274659855405e-02
3.583902587666819989e-02
3.562796358170117195e-02
3.541539155347749740e-02
3.520148176805411311e-02
3.498640125060491213e-02
3.477031209054912836e-02
3.455337146428624079e-02
3.433573166481025674e-02
3.411754013752948261e-02
3.389893952166529029e-02
3.368006769666088279e-02
3.346266026331522203e-02
3.324671948662771132e-02
3.303079342686938286e-02
3.281500336125364736e-02
3.259946611362021102e-02
3.238429411800842345e-02
3.216959548451566592e-02
3.195547406714708411e-02
3.174202953338755434e-02
3.152935743525278611e-02
3.131754928159598272e-02
3.110669261146794748e-02
3.089687106834549876e-02
3.068816447506176465e-02
3.048064890928492421e-02
3.027461101675085406e-02
3.007171882314555594e-02
2.987015111523066285e-02
2.966997162970884047e-02
2.947124072418977683e-02
2.927401545219500065e-02
2.907834963806342141e-02
2.888429395168373714e-02
2.869189598298467481e-02
2.850120031612383975e-02
2.831224860331780363e-02
2.812507963826301263e-02
2.793972942910017548e-02
2.775623127087990458e-02
2.757461581748925014e-02
2.739491115300412769e-02
2.723001456193961667e-02
2.717324984069885430e-02
2.711661522191322407e-02
2.705748265495332844e-02
2.699686232469319588e-02
2.693573802393814040e-02
2.687203045042805410e-02
2.680700403065524109e-02
2.674187254735844316e-02
2.667449769735705939e-02
2.660500732336667021e-02
2.653666348833794847e-02
2.646644303972818871e-02
2.639440373906795298e-02
2.634117810402747048e-02
2.632581017961083819e-02
2.630666834363452194e-02
2.628184189310127372e-02
2.625172897376767955e-02
2.622073763804408028e-02
2.618451029046691900e-02
2.614321011706230088e-02
2.609945148462052347e-02
2.605299987539298062e-02
2.600188206282626896e-02
2.594673595175222766e-02
2.589113735879243830e-02
2.583124650989199883e-02
2.576720123571540205e-02
2.570290940784506969e-02
2.563518844240124384e-02
2.556364315453588457e-02
2.549221173479778238e-02
2.541750302294519190e-02
2.534000224770096774e-02
2.526241621176310292e-02
2.518146597415605453e-02
2.509943989088797220e-02
2.501602148202233811e-02
2.492948677345622685e-02
2.484313348469354560e-02
2.475448736199176852e-02
2.466306783529300523e-02
2.460310734864617696e-02
2.454268613910803518e-02
2.448183373200754978e-02
2.442120495611629569e-02
2.436170124919796384e-02
2.430181188102238654e-02
2.424155895607730746e-02
2.418195196424883717e-02
2.412308788143435745e-02
2.406388779995460164e-02
2.400545313271289574e-02
2.394763664324813315e-02
2.388969900585489678e-02
2.383324295862331021e-02
2.377646436734208099e-02
2.372027256795820882e-02
2.366482149168682575e-02
2.360904914660099177e-02
2.355296172959829917e-02
2.349833081352829811e-02
2.344352001240681757e-02
2.338838484545334440e-02
2.333292771607869270e-02
2.327741255825434633e-02
2.322317100697477224e-02
2.316858974540847785e-02
2.311366815815953102e-02
2.305840488379806361e-02
2.300279786529254786e-02
2.294748263495110727e-02
2.289297530885255755e-02
2.283809696794539615e-02
2.278284359527401465e-02
2.272721069705822480e-02
2.267119334562761948e-02
2.261528455336440577e-02
2.256022922600966346e-02
2.250475665803183464e-02
2.244886085319670183e-02
2.239253556367679782e-02
2.233577432543201388e-02
2.227956376462714161e-02
2.222361337078880214e-02
2.216719204481076844e-02
2.211029297993459541e-02
2.205290929998710708e-02
2.199566943383193807e-02
2.193896948228670971e-02
2.188175020097280626e-02
2.182400484933333037e-02
2.176572673659573146e-02
2.170788441994617179e-02
2.165016493419608459e-02
2.159187966791412810e-02
2.153302244531731663e-02
2.147412999554106083e-02
2.141573606514337799e-02
2.135673935550909744e-02
2.129713443843771550e-02
2.123814015406104080e-02
2.117890568184133820e-02
2.111903491545224013e-02
2.105981810190898917e-02
2.100025024786011940e-02
2.094052629169853436e-02
2.088121589122603552e-02
2.082147322645097609e-02
2.076237493501135664e-02
2.070282527752137849e-02
2.064389498803527803e-02
2.058434137884607856e-02
2.052553781564547819e-02
2.046599891169418456e-02
2.040694477470402987e-02
2.034747925953888162e-02
2.028811943841960300e-02
2.022869241955253458e-02
2.016939243590655517e-02
2.010996968526927373e-02
2.005079779802199438e-02
1.999134687997869420e-02
1.993165921659982229e-02
1.988258814992012458e-02
1.989027360662724495e-02
1.989488347003758734e-02
1.989841426373144609e-02
1.989948069862620267e-02
1.989751079593765279e-02
1.989312979141963714e-02
1.988768559790913409e-02
1.987924782859764455e-02
1.986783683585406982e-02
1.985531160531085054e-02
1.984052580370298732e-02
1.982281463137142152e-02
1.980271244997301033e-02
1.978170687062529368e-02
1.975782734605306332e-02
1.973109785901124014e-02
1.970336314056601174e-02
1.967345479338629410e-02
1.964075288426229624e-02
1.960633061316194650e-02
1.957053966782434928e-02
1.953201495973122190e-02
1.949157398807370087e-02
1.945005276123853641e-02
1.940586084480701301e-02
1.936011344702725373e-02
1.931301992439458937e-02
1.926332190559146285e-02
1.921298704955677963e-02
1.916048451887367859e-02
1.910640135556760516e-02
1.905115347549464141e-02
1.899384269785897930e-02
1.893590838230678128e-02
1.887593139378225537e-02
1.881536912120072846e-02
1.875322329804731888e-02
1.869009128960971017e-02
1.862600083673239537e-02
1.856035795495450044e-02
1.849426164650696744e-02
1.842616831276614603e-02
1.835788918400954942e-02
1.828740768492377947e-02
1.821680438301204186e-02
1.814400269582354744e-02
1.807111678056812221e-02
1.799644908838418308e-02
1.792132163705930162e-02
1.784563965576578537e-02
1.777343250969571839e-02
1.771248364823092142e-02
1.765152588403242490e-02
1.759038699283232629e-02
1.752852909405294007e-02
1.746599238452403724e-02
1.743317245491671566e-02
1.741860483472640678e-02
1.740283057199152814e-02
1.738662702727811898e-02
1.736979775222825123e-02
1.735189194778627084e-02
1.733402460770183673e-02
1.733482133758010996e-02
1.733779877062499239e-02
1.735187772409982343e-02
