5.774389631727151473e-01
5.983609586274878378e-01
5.577296096902697453e-01
6.299425145005479454e-01
6.550908178783819702e-01
7.346482409576242656e-01
7.600927298761522843e-01
9.067900943666786784e-01
8.312272677004168830e-01
8.041076434974006037e-01
8.947595193400050828e-01
1.063038070751918918e+00
1.070719074458638120e+00
1.033756186168108160e+00
9.620473197568609747e-01
9.604276163627049057e-01
1.266119989842638516e+00
1.357712933769830155e+00
1.319244893187807799e+00
1.215951647662247392e+00
1.295775332133966895e+00
1.597915129944829093e+00
1.576142921442816203e+00
1.637921995997175140e+00
1.886524421926423889e+00
1.991441701955553700e+00
1.807421883322774203e+00
1.432127258739045450e+00
1.209777281195185905e+00
1.176234385772735758e+00
1.423780433998802275e+00
1.629177828932701910e+00
1.623624411884361463e+00
1.558438472187668289e+00
1.430585487438429393e+00
1.326642745122144751e+00
1.277345423156903248e+00
1.281511914118602435e+00
1.333293215366362805e+00
1.419972513581959195e+00
1.411929809498778665e+00
1.312926970381850467e+00
1.165319117728408571e+00
1.165212241634080437e+00
1.133667268810758300e+00
1.084849432656947776e+00
1.039139331608898376e+00
1.004783761531650832e+00
9.801918329921860407e-01
9.718875237607338402e-01
9.939587273874042062e-01
9.965143077140173888e-01
9.772137119685340156e-01
9.536943348298473344e-01
9.389807597393164951e-01
9.102258793563449135e-01
8.658132734598429359e-01
8.266998102290824546e-01
8.556311338071461714e-01
8.570622798437016465e-01
8.319826598460431377e-01
7.861862252650297922e-01
7.294020851013285345e-01
6.773995202760221268e-01
6.931414897290484323e-01
7.063465526397048055e-01
7.232689775441877300e-01
7.513870081469454787e-01
7.895402788964094309e-01
8.329982908998564417e-01
8.765139263449091001e-01
9.160568391143836253e-01
9.502138491912504037e-01
9.794288670297089938e-01
1.002277796227807327e+00
1.021252043885645167e+00
1.033614337239955328e+00
1.041485194855418461e+00
1.042266372816849085e+00
1.035595530493748084e+00
1.020868362463174028e+00
9.973948772473303359e-01
9.658045390478973147e-01
9.253359638649713004e-01
8.766581828959166822e-01
8.332649646824489276e-01
8.086728415290953542e-01
7.823670699985550980e-01
7.552731158212745433e-01
7.282118598755419336e-01
7.025007275354846481e-01
6.823612026324523683e-01
6.617802937836444466e-01
6.410586458563132251e-01
6.203516622138274261e-01
5.997057476056741887e-01
5.791174629860069700e-01
5.608220225401699954e-01
5.463390656971173209e-01
5.326550307243681504e-01
5.195733742665015198e-01
5.069428312977116713e-01
4.948693573001283208e-01
4.833255544856650543e-01
4.720627372328467519e-01
4.614133476103794984e-01
4.513246674104167688e-01
4.418223395978353452e-01
4.330011421036545904e-01
4.249281648603793204e-01
4.173100215484134012e-01
4.106984422370748566e-01
4.045013417287460222e-01
3.987610967080040258e-01
3.937633754706038047e-01
3.890337963452542569e-01
3.845275826084372794e-01
3.806313673560353106e-01
3.768594364465973623e-01
3.731831471366011677e-01
3.698690137626867158e-01
3.667121150552837827e-01
3.635765602760797632e-01
3.615907988451160793e-01
3.679148104596318691e-01
3.737031430602245075e-01
3.789708587344784441e-01
3.835650129343981529e-01
3.874989877180445852e-01
3.910612672496374675e-01
3.939806088076169832e-01
3.962595039598810764e-01
3.979109971592427186e-01
3.992042516459995416e-01
3.998994715841709402e-01
4.000259050663505511e-01
3.996209812062517797e-01
3.988351438797443915e-01
3.976925057462622481e-01
3.961534963182516411e-01
3.942932126647774038e-01
3.921938697577043165e-01
3.899377022750112887e-01
3.876018397502803414e-01
3.852537312151687598e-01
3.829475973842111358e-01
3.807805267270856775e-01
3.788316345504804117e-01
3.769776314402040196e-01
3.751917128987508065e-01
3.735275665208087625e-01
3.718221716178086722e-01
3.700209652843939323e-01
3.680836790070101672e-01
3.679553252411985609e-01
3.685386606748545235e-01
3.688158173771606263e-01
3.688848891683670361e-01
3.712438054710530677e-01
3.726290200507363926e-01
3.731113741641044479e-01
3.725243407043489219e-01
3.708650048317973513e-01
3.681384036771193080e-01
3.645086871662697181e-01
3.619097225223237291e-01
3.598797587066208670e-01
3.575033609005886515e-01
3.549172714239796633e-01
3.519621682993334666e-01
3.486304306868041603e-01
3.449533348888578765e-01
3.410544360975859557e-01
3.367999313821529173e-01
3.322071008591137575e-01
3.273717680357083881e-01
3.223145455031898865e-01
3.169755217120029944e-01
3.113847906051155912e-01
3.056419842758393290e-01
2.997476225182009180e-01
2.936830921038611764e-01
2.874797107182887057e-01
2.811614117033954252e-01
2.747752355110404388e-01
2.697428006013520285e-01
2.674609517259674552e-01
2.650570758980017594e-01
2.625414832272698895e-01
2.600600227578273027e-01
2.574923992683581520e-01
2.548366811969753343e-01
2.521019607867799328e-01
2.493217920938056997e-01
2.465829677175205015e-01
2.437844174686961685e-01
2.409335665857830211e-01
2.380373782473301225e-01
2.351608267418976994e-01
2.323036321772436463e-01
2.294144110496953437e-01
2.264984831347474081e-01
2.235607581356294504e-01
2.206937629478227247e-01
2.178206413414879583e-01
2.149339792582029562e-01
2.120373867413808122e-01
2.091668774170687417e-01
2.063453897672527237e-01
2.035192976162695233e-01
2.006912343382125652e-01
1.978705941330446971e-01
1.951222324254869023e-01
1.923751814427978879e-01
1.896313840917287497e-01
1.869100720155311979e-01
1.842466509892045079e-01
1.815884374459049433e-01
1.789369061557242735e-01
1.763557091397025267e-01
1.737828478222172846e-01
1.712340673553899850e-01
1.687375134599674864e-01
1.662554733564523268e-01
1.638325382664320706e-01
1.614466373889100193e-01
1.591192188353047210e-01
1.570977680018435518e-01
1.553143667918519544e-01
1.535768391206305539e-01
1.518732202040864177e-01
1.502056470974350577e-01
1.485375210985228345e-01
1.469121221035432356e-01
1.452785315206903405e-01
1.436704575427554809e-01
1.420706712637375135e-01
1.404594474300124018e-01
1.388923980811684888e-01
1.373150102240861259e-01
1.357279742290528612e-01
1.341830178606495116e-01
1.326298781625570578e-01
1.310687011967724691e-01
1.295312106503676841e-01
1.280039902325448564e-01
1.264701787115414533e-01
1.249307647644436331e-01
1.234290647858226342e-01
1.219239492644600270e-01
1.204144454029296707e-01
1.189014248966009935e-01
1.174236348007140357e-01
1.159450573992022449e-01
1.144639720529594812e-01
1.129811463131287497e-01
1.115173642271918980e-01
1.100689511048801306e-01
1.092669564475504396e-01
1.089235095051213631e-01
1.085737790252649798e-01
1.082179933766284352e-01
1.078658354694801841e-01
1.075183515550049013e-01
1.071650506894081534e-01
1.068061371070276461e-01
1.064418077813336500e-01
1.060722526879366995e-01
1.056976550705870238e-01
1.053181917093464343e-01
1.049340331900485562e-01
1.045453441741390488e-01
1.041581630676115255e-01
1.037784642023493048e-01
1.033943468199957499e-01
1.030059604025885395e-01
1.026134497074534524e-01
1.022169550214121203e-01
1.018166124095547104e-01
1.014125539578726448e-01
1.010049080090991008e-01
1.005937993911716760e-01
1.001793496377970799e-01
9.976350554693962092e-02
9.935819266073911415e-02
9.894958054544158998e-02
9.853778430629656082e-02
9.812291662534693149e-02
9.770508793018527205e-02
9.728440655304058937e-02
9.686097888014683077e-02
9.643490949140605395e-02
9.600630129039741667e-02
9.557525562483799864e-02
9.514187239763050030e-02
9.470625016868214341e-02
9.427730229787094351e-02
9.385065366206141180e-02
9.342179135554803948e-02
9.299081317738516761e-02
9.255781590021401606e-02
9.212289532475564924e-02
9.168614632699439992e-02
9.124766289840346989e-02
9.080753817956573049e-02
9.036586448755663803e-02
8.992273333745556818e-02
8.947823545835556502e-02
8.903246080423991848e-02
8.858549856009358126e-02
8.814405865712673926e-02
8.770599377211930892e-02
8.726677764038182072e-02
8.682649956268012614e-02
8.638524800795464864e-02
8.594311059959661159e-02
8.550017409925264600e-02
8.505652438846138252e-02
8.461224644841600084e-02
8.416742433813044488e-02
8.372214117127879662e-02
8.327647909195962095e-02
8.283051924962858692e-02
8.238434177342601750e-02
8.193802574611366851e-02
8.149164917782258932e-02
8.104957326672138085e-02
8.061213507779557697e-02
8.017467489085543242e-02
7.973726903678170219e-02
7.929999262242083680e-02
7.886291950688323338e-02
7.842612227865587704e-02
7.798967223363485746e-02
7.755363935417335097e-02
7.711809228922555937e-02
7.668309833566401557e-02
7.624872342083352517e-02
7.581503208639575608e-02
7.538208747351092531e-02
7.494995130939656469e-02
7.451868389528876202e-02
7.408834409583479885e-02
7.365898932992631654e-02
7.323067556298656910e-02
7.280830651214174887e-02
7.238886828560320286e-02
7.197048349489147678e-02
7.155320475162572913e-02
7.113708317177820650e-02
7.072216837635962594e-02
7.030850849347228260e-02
6.989615016170459827e-02
6.948513853483612168e-02
6.907551728781928524e-02
6.866732862400259929e-02
6.826061328355803592e-02
6.785541055306998359e-02
6.745175827624715070e-02
6.704969286571296760e-02
6.664924931582849599e-02
6.625046121650714215e-02
6.585336076796881322e-02
6.545797879639374262e-02
6.506434477042345732e-02
6.467248681846524128e-02
6.428243174675163374e-02
6.389420505810770867e-02
6.351246418465451848e-02
6.313256189635485516e-02
6.275445443251496946e-02
6.237816423959385848e-02
6.200371253518456582e-02
6.163111933010102794e-02
6.126040345087273298e-02
6.089158256260204100e-02
6.052467319214678565e-02
6.015969075158468515e-02
5.979664956192237701e-02
5.943556287701169671e-02
5.907644290763561234e-02
5.871930084572842684e-02
5.836414688869670520e-02
5.801099026380789059e-02
5.765983925261389254e-02
5.731070121538001799e-02
5.696358261549061552e-02
5.661848904380229613e-02
5.627542524291767601e-02
5.593439513135708974e-02
5.559540182760030341e-02
5.525844767397773000e-02
5.492353426038942832e-02
5.459066244782897342e-02
5.425983239169696742e-02
5.393104356488140350e-02
5.360429478059186570e-02
5.328122896323356922e-02
5.296145510107643645e-02
5.264365223262534171e-02
5.232781799911819659e-02
5.201394946848965362e-02
5.170204315671033529e-02
5.139209504879205942e-02
5.108410061944895775e-02
5.077805485340849273e-02
5.047395226536172119e-02
5.017178691954841258e-02
4.987155244897036738e-02
4.957324207422769691e-02
4.927684862197407450e-02
4.898236454298700304e-02
4.868978192985029541e-02
4.839909253424642260e-02
4.811028778385641191e-02
4.782335879886773916e-02
4.753829640808780038e-02
4.725509116466408005e-02
4.697373336141107830e-02
4.669421304574518372e-02
4.641652003422884476e-02
4.614064392672553860e-02
4.586657412016800772e-02
4.559429982194324743e-02
4.532381006289505632e-02
4.505509370994999901e-02
4.478813947836857157e-02
4.452293594362633639e-02
4.425947155292880852e-02
4.399773463636464516e-02
4.373771341770234244e-02
4.347939602483422844e-02
4.322277049987316433e-02
4.296782480890828232e-02
4.271454685142313246e-02
4.246292446938398218e-02
4.221294545600184911e-02
4.196459756417561526e-02
4.171929762986557877e-02
4.147575309925129877e-02
4.123377277262937901e-02
4.099334487815606276e-02
4.075445762938123551e-02
4.051709923214862757e-02
4.028125789121632383e-02
4.004692181660111233e-02
3.981407922965640028e-02
3.958271836888624384e-02
3.935282749550529646e-02
3.912439489874731946e-02
3.889740890093140030e-02
3.867185786229027089e-02
3.844773018556757460e-02
3.822501432038971636e-02
3.800369876741858943e-02
3.778377208229125039e-02
3.756522287935264853e-02
3.734803983518586445e-02
3.713221169194831639e-02
3.691772726051626569e-02
3.670457542344691265e-02
3.649274513776059464e-02
3.628222543755036528e-02
3.607300543642366630e-02
3.586507432978187915e-02
3.565842139694231500e-02
3.545303600310895781e-02
3.524890760119523542e-02
3.504602573350595190e-02
3.484438003328155231e-02
3.464396022611064552e-02
3.444475613121424779e-02
3.424675766260801280e-02
3.404995483014548047e-02
3.385433774044768057e-02
3.365989659772231773e-02
3.346662170447890772e-02
3.327450346214114868e-02
3.308353237156299448e-02
3.289369903345092105e-02
3.270499414869661170e-02
3.251740851862421067e-02
3.233093304515565619e-02
3.214555873089604970e-02
3.196127667914633319e-02
3.177807809384160243e-02
3.159595427942326479e-02
3.141489664064426451e-02
3.123489668231317282e-02
3.105594600897850985e-02
3.087803632455740979e-02
3.070115943191064831e-02
3.052530723236666910e-02
3.035047172519815192e-02
3.017664500705374842e-02
3.000381927134517304e-02
2.983198680759625507e-02
2.966142283682288508e-02
2.949227721458946849e-02
2.932408958041153244e-02
2.915685278325481217e-02
2.899055976124726569e-02
2.882520354090418666e-02
2.866077723632715762e-02
2.849727404837662167e-02
2.833468726382137870e-02
2.817301025446598134e-02
2.801223647625817118e-02
2.785235946837774298e-02
2.769337285230844339e-02
2.753527033089439233e-02
2.737804568738292504e-02
2.722169278445413926e-02
2.706620556324025248e-02
2.691157804233395082e-02
2.675780431678898008e-02
2.660487855711278146e-02
2.645279500825263239e-02
2.630154798857720425e-02
2.615113188885326984e-02
2.600154117121931605e-02
2.585277036815728305e-02
2.570481408146259306e-02
2.555766698121389804e-02
2.541132380474291769e-02
2.526577935560623059e-02
2.512102850255772471e-02
2.497706617852482602e-02
2.483388737958741946e-02
2.469148716396087420e-02
2.454986065098391929e-02
2.440900302011113354e-02
2.426890950991144116e-02
2.412957541707302922e-02
2.399099609541453793e-02
2.385316695490369635e-02
2.371608346068359435e-02
2.357974113210682329e-02
2.344413554177808209e-02
2.330926231460536333e-02
2.317511712686041309e-02
2.304169570524898861e-02
2.290899382598955702e-02
2.277700731390324557e-02
2.264573204151341251e-02
2.251516392815544609e-02
2.238529893909777316e-02
2.225613308467283211e-02
2.212766241941999112e-02
2.199988304123901006e-02
2.187279109055463230e-02
2.174638274949318092e-02
2.162065424107013217e-02
2.149560182838953018e-02
2.137122181385508676e-02
2.124751053839281367e-02
2.112446438068588117e-02
2.100207975642073843e-02
2.088035311754568579e-02
2.075928095154090311e-02
2.063885978070071486e-02
2.051908616142763750e-02
2.039995668353792452e-02
2.028146796958003872e-02
2.016361667416343220e-02
2.004639948330105836e-02
1.992981311376160886e-02
1.981385431243517722e-02
1.969851985570965705e-02
1.958380654885888417e-02
1.946971122544260621e-02
1.935623074671765503e-02
1.924336200106058561e-02
1.913110190340163927e-02
1.901944739466964948e-02
1.890839544124878549e-02
1.879794303444537809e-02
1.868808718996599685e-02
1.857882494740693141e-02
1.847015336975340108e-02
1.836206954288996732e-02
1.825457057512126086e-02
1.814765359670298533e-02
1.804131575938327028e-02
1.793555423595372469e-02
1.783036621981129097e-02
1.772574892452918882e-02
1.762169958343762222e-02
1.751821544921466564e-02
1.741529379348590034e-02
1.731293190643388297e-02
1.721112709641652722e-02
1.710987668959462749e-02
1.700917802956836838e-02
1.690902847702229969e-02
1.680942540937955046e-02
1.671036622046393263e-02
1.661184832017063157e-02
1.651386913414558399e-02
