5.752197958753718643e-01
5.965972631589336883e-01
6.270690186685778933e-01
6.892428831389585397e-01
7.567536090415440952e-01
7.702667768491758826e-01
8.026273508728782868e-01
7.774093655034118866e-01
9.084072265634209886e-01
1.005570769086563621e+00
1.378927717558980026e+00
1.364614976058681650e+00
1.119150468859026137e+00
1.312819812989134416e+00
1.411127512865634870e+00
1.046775873291536207e+00
1.131222742478016352e+00
1.219734248507212904e+00
1.379202261350996217e+00
1.465739472265888077e+00
1.345689824648460986e+00
1.452334059684415424e+00
1.567633752027140837e+00
1.611011302393974054e+00
1.646809921878287897e+00
1.895389751841746628e+00
2.278983570013091153e+00
2.293075406772089320e+00
1.994608191472858616e+00
1.852852692743006457e+00
1.914788711802976939e+00
1.888619619073111044e+00
1.988581675097251145e+00
2.070617792852816219e+00
2.070998214149531336e+00
2.144563514457446196e+00
2.162401990957767417e+00
2.157821465150515650e+00
2.085267531933505669e+00
1.958895750551328030e+00
1.846404953793562953e+00
1.757239275774677534e+00
1.640997939737298461e+00
1.461405035422828069e+00
1.279728482516070187e+00
1.152883106772266686e+00
1.020011937696323034e+00
9.063194416685482757e-01
8.885611967027625679e-01
8.759671329393801109e-01
8.506099609878691181e-01
8.164821360017799901e-01
8.390002492900051623e-01
9.017022654691529970e-01
9.587477414303211543e-01
1.014345325101353001e+00
1.064395949490024806e+00
1.102613876775727864e+00
1.125660370180344705e+00
1.134321190249694578e+00
1.133705443002556157e+00
1.129831843040025374e+00
1.125859906443076541e+00
1.122546190668086918e+00
1.118330661218958744e+00
1.111029993002936589e+00
1.098924937256130718e+00
1.081055491042431260e+00
1.057174528949050396e+00
1.027670507491196927e+00
9.930009870785446724e-01
9.532425985645948119e-01
9.089326154881153252e-01
8.603988519101946064e-01
8.268273513154860144e-01
8.071634977654765786e-01
7.798598909239755628e-01
7.463274102622998729e-01
7.214859432721841825e-01
7.090754612940792789e-01
6.955605256945170956e-01
6.812430590234266337e-01
6.668900814770506447e-01
6.529584611688299400e-01
6.392411085147073901e-01
6.253629084080094547e-01
6.110317816103818522e-01
5.960821936277452826e-01
5.800405797572451005e-01
5.626991666281923044e-01
5.440716309567382725e-01
5.240460179440065147e-01
5.027354275398787653e-01
4.802413469334060880e-01
4.568515129770016614e-01
4.325451268420876794e-01
4.285540187474343732e-01
4.543813214352498409e-01
4.768916076386718883e-01
4.960855713142528489e-01
5.118069832587588408e-01
5.241241823150218915e-01
5.330993870197674456e-01
5.389730171975189998e-01
5.418049771935454784e-01
5.422156656088675808e-01
5.404691649245642049e-01
5.370405931477926220e-01
5.323756213507996327e-01
5.268770821521679970e-01
5.208954112110366630e-01
5.195065433484964412e-01
5.190627084490028187e-01
5.293929570021248532e-01
5.577288786799697862e-01
5.922257912399568891e-01
6.229457175551235126e-01
6.491441186856349299e-01
6.706056776523284801e-01
6.871158869334784702e-01
6.987474047021531298e-01
7.055813560363412007e-01
7.077096717835147377e-01
7.055206043205848321e-01
6.991087224793021138e-01
6.900114825776800798e-01
6.965419268283070675e-01
6.992088219772970570e-01
6.980819677176339777e-01
6.931069457463342465e-01
6.842760586299783121e-01
6.858643090598541825e-01
6.970588612850276977e-01
7.074715226514527444e-01
7.168211590528065225e-01
7.248422049309294346e-01
7.313234624847350096e-01
7.361166139945466425e-01
7.389555906247901040e-01
7.398437636483858881e-01
7.386233632779805047e-01
7.353456529167906597e-01
7.299151191653000526e-01
7.224826822930051629e-01
7.129806220308262388e-01
7.014116322561327888e-01
6.879164427361150747e-01
6.724099729213149912e-01
6.551704585741223719e-01
6.361475713318064384e-01
6.155265729539241004e-01
5.996693245915433179e-01
5.858593296717484744e-01
5.711164001528041823e-01
5.554276165716985902e-01
5.390072831364618455e-01
5.218738567729153122e-01
5.041924811058531297e-01
4.860752526774373972e-01
4.675396325567733880e-01
4.486588897122646968e-01
4.295223057738145611e-01
4.106289215645938517e-01
3.943664110206052120e-01
3.829912638630069144e-01
3.716766030028475498e-01
3.600501123039836493e-01
3.482088765113008355e-01
3.361431907729531265e-01
3.239029070657122866e-01
3.115361775895301721e-01
2.990916951551364500e-01
2.866178148908155032e-01
2.750811398366456717e-01
2.678898803093926473e-01
2.604959805940673667e-01
2.529309479213231460e-01
2.452240730854341744e-01
2.374035740031754105e-01
2.294987139704968426e-01
2.215406714058500703e-01
2.135598374218110607e-01
2.055817259431222399e-01
1.976246812929310648e-01
1.897002516252943582e-01
1.868315620733166649e-01
1.847894413719343987e-01
1.826658647598916052e-01
1.804745211806693395e-01
1.782368341977693116e-01
1.768373219149334818e-01
1.762168191738765766e-01
1.753795639637560078e-01
1.742502148513335458e-01
1.727720736845171356e-01
1.709017584166517556e-01
1.686072818587629474e-01
1.658678882177863356e-01
1.626730542447194228e-01
1.590217225136322798e-01
1.573436786750284921e-01
1.559084363258284867e-01
1.544240043639652504e-01
1.529002495430928921e-01
1.513468147876541881e-01
1.497477950027348015e-01
1.481267677560875462e-01
1.464781513445519712e-01
1.447961456714554063e-01
1.437260013576362461e-01
1.429572240556686302e-01
1.419925230439271213e-01
1.408386904391526195e-01
1.394944085601740602e-01
1.379674947789140405e-01
1.362664597388046350e-01
1.344002524297995826e-01
1.323800650849259741e-01
1.302180127331352133e-01
1.302802454480302130e-01
1.304744478656553741e-01
1.305348646988629402e-01
1.304766815937601354e-01
1.302852556574221055e-01
1.299786782902591920e-01
1.295547393876788078e-01
1.290123827680144941e-01
1.283626796340580356e-01
1.276132223609892091e-01
1.267625803605441637e-01
1.258186887794434106e-01
1.247901180021086937e-01
1.236849318992289809e-01
1.225163817864321353e-01
1.212832645734833459e-01
1.199863680107541436e-01
1.186365786211054235e-01
1.172301417739138596e-01
1.157678670813496735e-01
1.142547406359379902e-01
1.126921346781940975e-01
1.110791214338357480e-01
1.100462824150414132e-01
1.104863658421938871e-01
1.108742371431531842e-01
1.111911025184461332e-01
1.114439958529357400e-01
1.116397598703401800e-01
1.117656298638212975e-01
1.118374831540816100e-01
1.118463858356403828e-01
1.117889577993709527e-01
1.116845438336436652e-01
1.115144019432373068e-01
1.112850677144757994e-01
1.110079595368457933e-01
1.106686395835222853e-01
1.102749968582724671e-01
1.098361587959118812e-01
1.093392463622013255e-01
1.087914804748268127e-01
1.082033872597008423e-01
1.075618607305994651e-01
1.068721656287252575e-01
1.061484832771190379e-01
1.053763974307531520e-01
1.045578110287015694e-01
1.037130311245069159e-01
1.028252144517736166e-01
1.018962852479739778e-01
1.009398336757524051e-01
9.995159933237696137e-02
9.892777042606606952e-02
9.787178436440671647e-02
9.679865613467514285e-02
9.569548142283322567e-02
9.456428974719310876e-02
9.340851951899054040e-02
9.224141543867245274e-02
9.105174310140859428e-02
8.984147515232779324e-02
8.861256133832064175e-02
8.737317742516968744e-02
8.612450772435462087e-02
8.486231059731026705e-02
8.358841786339940572e-02
8.230462421720155519e-02
8.101374416389424404e-02
7.972497737430060682e-02
7.843091756230867462e-02
7.713319737473121884e-02
7.583340263561903771e-02
7.453307083160971847e-02
7.323368978210503810e-02
7.194007007597090497e-02
7.065345296062203184e-02
6.937147790068842745e-02
6.809543600589995638e-02
6.682656492849342600e-02
6.556604849504427124e-02
6.431501648470942800e-02
6.307454454726250936e-02
6.184565425419420032e-02
6.062955734215196707e-02
5.942998247410572615e-02
5.894491202300548849e-02
5.876642784779663453e-02
5.856769003036242649e-02
5.835100411683699639e-02
5.812096854972032683e-02
5.787249287700510503e-02
5.760623605311583628e-02
5.732285972875959118e-02
5.702544172340990453e-02
5.671654857189420418e-02
5.639236275445520113e-02
5.605354303304178193e-02
5.570074557233012369e-02
5.533637413108651731e-02
5.496371413014423252e-02
5.457885002294237536e-02
5.418241787836516193e-02
5.377504709130896676e-02
5.335735965748194393e-02
5.293499532784286948e-02
5.250385076824589520e-02
5.206403400242953089e-02
5.161613193227407304e-02
5.116072133420924289e-02
5.069957348394147495e-02
5.023554497295378007e-02
4.976550688797867078e-02
4.928999291798377008e-02
4.880952486974821092e-02
4.832461239296424738e-02
4.783724896834418150e-02
4.734885818356351223e-02
4.685732067420607383e-02
4.636309768619423233e-02
4.586663752179116760e-02
4.536837544599655464e-02
4.486943190374900053e-02
4.437201816352435296e-02
4.387388703160104847e-02
4.337542391570053946e-02
4.287700114514048783e-02
4.237897801294035482e-02
4.188170083742128597e-02
4.138614636382895867e-02
4.089375750180988117e-02
4.040295243962178234e-02
3.991402948374037779e-02
3.942727453758332334e-02
3.894296125155800176e-02
3.846135118515797008e-02
3.798269398014398474e-02
3.750722754387230545e-02
3.703517824187670116e-02
3.656803471496925667e-02
3.610488835500035715e-02
3.564567468069202577e-02
3.519057883491703148e-02
3.473977546805647604e-02
3.429342896661061874e-02
3.385169368591452177e-02
3.341471418631832696e-02
3.298262547223172053e-02
3.255555323345816349e-02
3.213361408828096372e-02
3.171691582778268098e-02
3.130555766091867170e-02
3.089963045988487061e-02
3.049921700535315749e-02
3.010439223117024332e-02
2.971522346814150714e-02
2.933177068654923419e-02
2.895408673707343394e-02
2.868758943179808285e-02
2.843086280637256366e-02
2.817599862783887535e-02
2.792300331703631219e-02
2.767188262626919457e-02
2.742264165415344082e-02
2.717528486046853070e-02
2.692981608099667690e-02
2.668623854233457410e-02
2.644455487665952134e-02
2.620476713643634520e-02
2.596687680905200926e-02
2.573088483136367136e-02
2.549679160414933254e-02
2.526459700644841794e-02
2.503430040978352894e-02
2.480590069225271574e-02
2.457939625248290599e-02
2.435478502343711021e-02
2.413206448606757329e-02
2.391123168280677447e-02
2.369228323089180369e-02
2.347521533551425940e-02
2.326002380279193482e-02
2.304670405255665466e-02
2.283529605286922434e-02
2.262603350576667186e-02
2.241861258391957684e-02
2.221302764135365052e-02
2.200927270018114210e-02
2.180734146228986009e-02
2.160722732082796804e-02
2.140892337148385047e-02
2.121242242355951893e-02
2.101771701083654867e-02
2.083924537117004538e-02
2.084453664996009994e-02
2.084880868985227592e-02
2.085199741020961686e-02
2.085404279918566875e-02
2.085488879597749770e-02
2.085448317402584240e-02
2.085277742527603950e-02
2.084972664560464511e-02
2.084528942150731465e-02
2.083942771813656128e-02
2.083210676877194842e-02
2.082329496579584521e-02
2.081296375324304462e-02
2.080108752098421693e-02
2.078764350060079494e-02
2.077261166299861767e-02
2.075623233244676749e-02
2.073832717469852385e-02
2.071880088213852444e-02
2.069764268491010653e-02
2.067484408590984299e-02
2.065039876950987979e-02
2.062430251220672209e-02
2.059655309520830660e-02
2.056715021897182610e-02
2.053609541969550478e-02
2.050339198777087479e-02
2.046904488819110274e-02
2.043306068291863772e-02
2.039544745520032940e-02
2.035621473582792385e-02
2.031537343132923390e-02
2.027293575408093199e-02
2.022891515432706858e-02
2.018332625408604183e-02
2.013618478293305314e-02
2.008750751562998413e-02
2.003731221159143691e-02
1.998561755615791899e-02
1.993244310365498845e-02
1.987780922221452085e-02
1.982173704033066836e-02
1.976424839512655462e-02
1.970536578230102503e-02
1.964511230773192257e-02
1.958351164070301978e-02
1.952058796872759711e-02
1.945636595393914273e-02
1.939087069101915611e-02
1.932412766662964729e-02
1.925616272032303761e-02
1.918700200689663071e-02
1.911667196016031411e-02
1.904519925808834807e-02
1.897261078932093240e-02
1.889893362098949911e-02
1.882419496782925319e-02
1.874842216255119542e-02
1.867170471140341265e-02
1.859443031248924488e-02
1.851619854868976484e-02
1.843703682315292469e-02
1.835697253501058709e-02
1.827603305642359205e-02
1.819424571067863872e-02
1.811163775130612483e-02
1.802823634219188551e-02
1.794406853865362569e-02
1.785916126945471735e-02
1.777354131972754339e-02
1.768723531477963198e-02
1.760026970475517608e-02
1.751267075012792607e-02
1.742446450799543453e-02
1.733567681915442957e-02
1.724633329592891243e-02
1.715645931072729002e-02
1.706607998530569256e-02
1.697522018071265584e-02
1.688390448789312340e-02
1.679215721892886662e-02
1.670000239889253557e-02
1.660746375829651178e-02
1.651456472611014317e-02
1.642132842333195869e-02
1.632777765709001946e-02
1.623393491525460322e-02
1.613982236154351546e-02
1.604546183109971727e-02
1.595087482652471356e-02
1.585608251434946284e-02
1.576110572192519418e-02
1.566596493471704085e-02
1.557068029398440794e-02
1.547527159483267495e-02
1.544062044028304131e-02
1.545179440075877993e-02
1.546209370193758412e-02
1.547151182549760980e-02
1.548004300824322096e-02
1.548768222050542036e-02
1.549442514477947577e-02
1.550026815460872620e-02
1.550520829372580879e-02
1.550924325546087709e-02
1.551237136242281621e-02
1.551459154646331849e-02
1.551590332893035620e-02
1.551630680121567941e-02
1.551580260560322597e-02
1.551439191642440228e-02
1.551207642152040156e-02
1.550890165040913829e-02
1.550513254294976807e-02
1.550046706896739991e-02
1.549490864895427394e-02
1.548846113248669894e-02
1.548112878158849036e-02
1.547291625441794827e-02
1.546382858927888501e-02
1.545387118895661348e-02
1.544304980537920292e-02
1.543137052460124940e-02
1.541883975211338041e-02
1.540546419847143959e-02
1.539125086524983921e-02
1.537620703131092892e-02
1.536034023939466392e-02
1.534365828302234475e-02
1.532616919371427092e-02
1.530808037310221401e-02
1.528936328264899301e-02
1.526986278295313498e-02
1.524958765209400921e-02
1.522854684970156684e-02
1.520674950595151016e-02
1.518420491085003925e-02
1.516092250380852643e-02
1.513691186350114327e-02
1.511218269800390819e-02
1.508674483520980325e-02
1.506060821351786448e-02
1.503378287278929991e-02
1.500627894557107767e-02
1.497810664857714483e-02
1.494927627442834903e-02
1.491979818364387589e-02
1.488997376196890370e-02
1.485957608619812263e-02
1.482855927108824023e-02
1.479693383272046199e-02
1.476471032076796981e-02
1.473189931186622177e-02
1.469851140320745618e-02
1.466455720635181578e-02
1.463004734125320297e-02
1.459499243049311099e-02
1.455940309372198184e-02
1.452328994229866096e-02
1.448666357412953763e-02
1.444953456869623939e-02
1.441191348227645330e-02
1.437381084334340454e-02
1.433530037531407890e-02
1.429658103669542712e-02
1.425740817145943265e-02
1.421779214236377868e-02
1.417774326542813219e-02
1.413727180631592535e-02
1.409638797687528568e-02
1.405510193182958958e-02
1.401342376561921441e-02
1.397136350938645889e-02
1.392893112810213337e-02
1.388613651783089653e-02
1.384298950312909914e-02
1.379949983457391498e-02
1.375567718641899397e-02
1.371153115437451046e-02
1.366707125350628479e-02
1.362231013497126192e-02
1.357752572294037424e-02
1.353245201881623019e-02
1.348709820422984776e-02
1.344147337222097519e-02
1.339558652576145793e-02
