5.021297307620230521e-01
5.657612197919473784e-01
7.372862174028691484e-01
6.700508086820090581e-01
5.111247199233380778e-01
5.421603949356279539e-01
6.148356619540715773e-01
6.376765332956363386e-01
6.007595235657842148e-01
6.031027652944114248e-01
5.875832720483713523e-01
6.352859984963911133e-01
6.793020740721723572e-01
6.793823356325783269e-01
6.990982562117843413e-01
7.212071735718990073e-01
7.396548267821542177e-01
7.682044293977842164e-01
7.455194368825243112e-01
7.061810191251162161e-01
7.022166776197759086e-01
7.250205808240703931e-01
7.765573309458975171e-01
8.034893718612905467e-01
9.438623589523154056e-01
9.178552165517690486e-01
8.605861903094429444e-01
8.372419402274134947e-01
8.078285935590766575e-01
7.543063312587068303e-01
7.343200934822109449e-01
7.396295162044239646e-01
7.514173530927318323e-01
7.553879268470901076e-01
7.895240509985573807e-01
8.502277688785327969e-01
8.955325848964259539e-01
9.318026038550247803e-01
9.641156256309818540e-01
9.749898787984632165e-01
9.631618870648950281e-01
9.372203704832754445e-01
8.939275326475599748e-01
8.376075194956140724e-01
7.949020179680408305e-01
7.977888655830013276e-01
8.304900903208499718e-01
8.601425504345452389e-01
8.691461605105864630e-01
8.558073160094329390e-01
8.327173697733968316e-01
8.163725504361498686e-01
8.125661042762932773e-01
8.227911350049603723e-01
8.363544694860408635e-01
8.428928343282164892e-01
8.480929461070118025e-01
8.609419623399320320e-01
8.759721124534012304e-01
8.841287657010594714e-01
8.819811468653323550e-01
8.692662723329875885e-01
8.471724408064388312e-01
8.183361507235978882e-01
7.841598820866129138e-01
7.448415594048142241e-01
7.037323004028075424e-01
6.714079573594815553e-01
6.508484312153218765e-01
6.380700178068695605e-01
6.309904384167495106e-01
6.274669155170655710e-01
6.266289179838986367e-01
6.278219458644999085e-01
6.282711204974353869e-01
6.251378750224841907e-01
6.235228566003688799e-01
6.317367507299513907e-01
6.340091121175883693e-01
6.320110431590487687e-01
6.276623218850656549e-01
6.224710478576773731e-01
6.171904314032958805e-01
6.118649161951145166e-01
6.060063744665172836e-01
5.990396489516319756e-01
5.903968184340677716e-01
5.794991506416755644e-01
5.659313337318467863e-01
5.499479314628423765e-01
5.314202424121373669e-01
5.107890390723210938e-01
4.977757399563609297e-01
4.863247554693048702e-01
4.734510055237295956e-01
4.598211633227967665e-01
4.467432531120131833e-01
4.348464657542429612e-01
4.245373547438673900e-01
4.159659350254092391e-01
4.088788227674866604e-01
4.029832585728749805e-01
3.979774811463626105e-01
3.943535889954217222e-01
3.935774299753403427e-01
3.919821035171081047e-01
3.891134128599239572e-01
3.848421927681826005e-01
3.792760872531978911e-01
3.725827256747099026e-01
3.648546943251115837e-01
3.561011280859607830e-01
3.463473420493926036e-01
3.357520483591917015e-01
3.246609115729639505e-01
3.135720485837638072e-01
3.031546064837069565e-01
2.938373605761379626e-01
2.860741834019199792e-01
2.798654300180456467e-01
2.750706331427094642e-01
2.713973908782116862e-01
2.684260414347969248e-01
2.656688617227572213e-01
2.628278271375501518e-01
2.595439329669542161e-01
2.556241709677423146e-01
2.509989803985435142e-01
2.456446827110429498e-01
2.395899354381550161e-01
2.329437618083060879e-01
2.259254529697357072e-01
2.186971944981970783e-01
2.115192808105811062e-01
2.045934431432232525e-01
1.981769534389250242e-01
1.924094086797798475e-01
1.873905785270916780e-01
1.831565706164028362e-01
1.796756453830667677e-01
1.768622637581453716e-01
1.745961861900534318e-01
1.727431661905824700e-01
1.711740995922720332e-01
1.697802205269450804e-01
1.684828694695671425e-01
1.672373386144661023e-01
1.660312019732851918e-01
1.648782579741700782e-01
1.638197464751737775e-01
1.628941991510337584e-01
1.621277523785419616e-01
1.615482413343052592e-01
1.611692232507255518e-01
1.609876356193889468e-01
1.609996783520049324e-01
1.611713843240120958e-01
1.614489461427722206e-01
1.617857199914556621e-01
1.621756193881554453e-01
1.625350095105717318e-01
1.628613829856609407e-01
1.631115222809181031e-01
1.632961752019516655e-01
1.633857886234512113e-01
1.633869441046804927e-01
1.633060354724577279e-01
1.631394517218244244e-01
1.628765167279337678e-01
1.625204558192895610e-01
1.620552821747163197e-01
1.614669314878667550e-01
1.607451519106886106e-01
1.598642533809265798e-01
1.587846704178184909e-01
1.574995956254444940e-01
1.560100813234118200e-01
1.543171258671423574e-01
1.524140778119777162e-01
1.503139427360895841e-01
1.490257395575555754e-01
1.480210272900687463e-01
1.469051654052077882e-01
1.471219631908683434e-01
1.470498178286535340e-01
1.467436643784205130e-01
1.462535879917905013e-01
1.456012937890465431e-01
1.448537382075992808e-01
1.440699137057928625e-01
1.432756957456516322e-01
1.425161223569514080e-01
1.418303051352791389e-01
1.412698737710118002e-01
1.408308178215191830e-01
1.405249896108112517e-01
1.403550536816284278e-01
1.403150974957114994e-01
1.403915820451825391e-01
1.405886887110488481e-01
1.408592976802291175e-01
1.411746422546236723e-01
1.415040701094273379e-01
1.418187209551068362e-01
1.421177801300031462e-01
1.423403261980508427e-01
1.424586528259069174e-01
1.424658353098772756e-01
1.423493297375209021e-01
1.420663057155499009e-01
1.416252099128237907e-01
1.410199175133005356e-01
1.402188540472486811e-01
1.392670489322550276e-01
1.381188936497375896e-01
1.368040639057764296e-01
1.353211401852039975e-01
1.336583196012751384e-01
1.318687877555954346e-01
1.299167159603875077e-01
1.278320179282268487e-01
1.256329172737763178e-01
1.233053692418010494e-01
1.208952341660813057e-01
1.183846828944676022e-01
1.157906749935225243e-01
1.131353604158937820e-01
1.104039764575040911e-01
1.076306233959872655e-01
1.048047897291317504e-01
1.019372796992158436e-01
9.904390537809995565e-02
9.611502873825418514e-02
9.317769153449358133e-02
9.021595011548388943e-02
8.725264484868956727e-02
8.428064950051938897e-02
8.130803476703360455e-02
7.834671494546403825e-02
7.539232339512813574e-02
7.245373023096574050e-02
6.954397742258953963e-02
6.858636815248225771e-02
6.790447536658636429e-02
6.723158415480684491e-02
6.659453097259483700e-02
6.600218534742574583e-02
6.540725881305262113e-02
6.513854051274936552e-02
6.516903537268489699e-02
6.516866549554475863e-02
6.513687562013059651e-02
6.507395535790695684e-02
6.498136537049085948e-02
6.486168616592172254e-02
6.471539398885112204e-02
6.454318376673537361e-02
6.434496678200121722e-02
6.411988875117559383e-02
6.386760601234807433e-02
6.359445404239195965e-02
6.329670114519474200e-02
6.297565411024715065e-02
6.263599574823867921e-02
6.227795664817433602e-02
6.190074575485923075e-02
6.150717902967885869e-02
6.110081083164171228e-02
6.067919802947487756e-02
6.024405323947184393e-02
5.980045180534333121e-02
5.934460201616601621e-02
5.887954519253466718e-02
5.840880083711451343e-02
5.793036890889020213e-02
5.744610653714534582e-02
5.696013906628169532e-02
5.646944997807105265e-02
5.597543793586429867e-02
5.548229703249644984e-02
5.498754357383219687e-02
5.449281957559086453e-02
5.400042181990172968e-02
5.351088294146327112e-02
5.302398212267434019e-02
5.254068979001643575e-02
5.278750534513017983e-02
5.304142698157009866e-02
5.325349039284359848e-02
5.342333841223127072e-02
5.355323818599223157e-02
5.364214056065417374e-02
5.369210409578678567e-02
5.370703117988787773e-02
5.368888019072508289e-02
5.385980984551500678e-02
5.409450773566391174e-02
5.429954007795416426e-02
5.447038586379596842e-02
5.460331174666394755e-02
5.469634609770319261e-02
5.475050748875259082e-02
5.476281741205836495e-02
5.473271554953123424e-02
5.466033677882432135e-02
5.454613871782055395e-02
5.439052058180174343e-02
5.419471150823807620e-02
5.395731805443140794e-02
5.367780230575119188e-02
5.335651421290368152e-02
5.299752317278551977e-02
5.260090457738320069e-02
5.228168867714029500e-02
5.210501955000680641e-02
5.189902261333594752e-02
5.166305264883461895e-02
5.139811827365773494e-02
5.110578734243597515e-02
5.078583117057827723e-02
5.044352087700841591e-02
5.007886174326667966e-02
4.969164366284701401e-02
4.928092975459826691e-02
4.885189634434224798e-02
4.840086841417062108e-02
4.793203404150390284e-02
4.744663635742903812e-02
4.694275643151883670e-02
4.642656376386166545e-02
4.589294016823067951e-02
4.534837533785748137e-02
4.479029578069742418e-02
4.422152242120973992e-02
4.364412256272469370e-02
4.305655857179833262e-02
4.246469965903924143e-02
4.186465389210158872e-02
4.126080035653739014e-02
4.065307975448107652e-02
4.004063838864026920e-02
3.942837266214527236e-02
3.881397770401241731e-02
3.819834125501019723e-02
3.758503421746695050e-02
3.697141160119851028e-02
3.636170564312164732e-02
3.634506599229645613e-02
3.633616304189458968e-02
3.632001831218186622e-02
3.629712688119652447e-02
3.626796753804121393e-02
3.623300043164764256e-02
3.619266502437395311e-02
3.614737834145750200e-02
3.609753350485270934e-02
3.604349853817930688e-02
3.598561542830309989e-02
3.592419942838843278e-02
3.585978384957647092e-02
3.579467599988147425e-02
3.572678267325170298e-02
3.565631125035774451e-02
3.558344203623926838e-02
3.550832868049991903e-02
3.543109874185504382e-02
3.535185438579864503e-02
3.527067320484286034e-02
3.518760915139283740e-02
3.510269357382960614e-02
3.501593634677029054e-02
3.492732708677029341e-02
3.483683644492318460e-02
3.474441746790606772e-02
3.465107168650011921e-02
3.455698345551553446e-02
3.446072280651688718e-02
3.436218793841761682e-02
3.426126684595025285e-02
3.415783890815949492e-02
3.405177648530460094e-02
3.394294651496336523e-02
3.383121209809072244e-02
3.371643406580804303e-02
3.359847251778393801e-02
3.347718832322939958e-02
3.335244457576241189e-02
3.322588157492482874e-02
3.309624742057876851e-02
3.296275795904991118e-02
3.282529774393366795e-02
3.268375975877789441e-02
3.253804644283327802e-02
3.238807062295269434e-02
3.223375634733705725e-02
3.207503961762343814e-02
3.191186901665048897e-02
3.174420623008561426e-02
3.157437164975855637e-02
3.140003410549215002e-02
3.122114641606210661e-02
3.103772441651381914e-02
3.084979806146950082e-02
3.065741132813843903e-02
3.046062202329070587e-02
3.025950149857566801e-02
3.005413427914368357e-02
2.984540928876578889e-02
2.963406658257052365e-02
2.941876785386737456e-02
2.919964407152415495e-02
2.897683649791235952e-02
2.875049593088072758e-02
2.852078190392888513e-02
2.828786185174555351e-02
2.805191024825066590e-02
2.781476205050491604e-02
2.757524191173947245e-02
2.733320321993410948e-02
2.708883942402219580e-02
2.684234662052070036e-02
2.659392266624157480e-02
2.634376630709495126e-02
2.609302334033368823e-02
2.584171218427325570e-02
2.558921767932922572e-02
2.533573425276445037e-02
2.508145334325866116e-02
2.482656271180958343e-02
2.457124579388807184e-02
2.431688617586753517e-02
2.406272464601114103e-02
2.380861474490323856e-02
2.355471782588357266e-02
2.330118839864608535e-02
2.304817374963510912e-02
2.279581360856834313e-02
2.262338857546312976e-02
2.262860400324567117e-02
2.263267387183820478e-02
2.263563795117434774e-02
2.263848758616621160e-02
2.273064011479010438e-02
2.296721023055270025e-02
2.319468679293203509e-02
2.341325230049033645e-02
2.362280310144757728e-02
2.382328939169787302e-02
2.401432683516770486e-02
2.419525293889145112e-02
2.436554160404133529e-02
2.452513294770502020e-02
2.467356719595758738e-02
2.481027082832386321e-02
2.493431897661795363e-02
2.504516943270837168e-02
2.514230823369394477e-02
2.522539069851977706e-02
2.529470081074172705e-02
2.535011270429671573e-02
2.539211915664941338e-02
2.542137681202273625e-02
2.543828750543858375e-02
2.544287727183512648e-02
2.543446634189884190e-02
2.541250197825609472e-02
2.537646264478135225e-02
2.532623555913697880e-02
2.526173315994166904e-02
2.518338130298340000e-02
2.509182877428379338e-02
2.498752569475136062e-02
2.487078384957717991e-02
2.474184967493951379e-02
2.460090260148721161e-02
2.444786927319567496e-02
2.428239019787695532e-02
2.410468828103891695e-02
2.391448268756191445e-02
2.371271002244863466e-02
2.349951435330613694e-02
2.327596458583349945e-02
2.310977914585536641e-02
2.314109662415526902e-02
2.317311593652892493e-02
2.320627427017745922e-02
2.323996476656719004e-02
2.327453234760419945e-02
2.330975958956283886e-02
2.334562789701294383e-02
2.338217364315182609e-02
2.341923739358673512e-02
2.345687120514802770e-02
2.351494202511311346e-02
2.359784721706372629e-02
2.368118575410154553e-02
2.376490807452777063e-02
2.384941340786518940e-02
2.393423103566978682e-02
2.401927672360321467e-02
2.410481358583669090e-02
2.419065035962826571e-02
2.427654302191550179e-02
2.436283844333080387e-02
2.444919071475485511e-02
2.453550086253497575e-02
2.462208701216564086e-02
2.470842001322834033e-02
2.479477256270557969e-02
2.488098124144748000e-02
2.496674151483994561e-02
2.505251887092819346e-02
2.513779121768704161e-02
2.522241857937713300e-02
2.530691083039481731e-02
2.539068873261703455e-02
2.547362741463733010e-02
2.555611807858078691e-02
2.563785442470606010e-02
2.571856298996728560e-02
2.579843856633933993e-02
2.587760608185084993e-02
2.595556587645830512e-02
2.603238053889115819e-02
2.610847926551424295e-02
2.618320148281330986e-02
2.625666534964523138e-02
2.632922898331972739e-02
2.640026056904827556e-02
2.647018814094895603e-02
2.653878933647379687e-02
2.660595290297727844e-02
2.667196329144133279e-02
2.673634024903837406e-02
2.679961189926244672e-02
2.686106839824338802e-02
2.692146672319157760e-02
2.697996470272664982e-02
2.703722162421595340e-02
2.709266418504151577e-02
2.714662482721453413e-02
2.719891248063471476e-02
2.724950654430974631e-02
2.740567679400350912e-02
2.756740963548175508e-02
2.772595492403720496e-02
2.788123976328586023e-02
2.803336957318770459e-02
2.818300799245100977e-02
2.832919964573222399e-02
2.847188353158588286e-02
2.861100186695849507e-02
2.874650011575187111e-02
2.887857332503290797e-02
2.900785571791546918e-02
2.913338451594832748e-02
2.925511772614901307e-02
2.937301664261168788e-02
2.948811704159611316e-02
2.959947967148755105e-02
2.970691901882351743e-02
2.981114323038296793e-02
2.992731256150012176e-02
3.006483345520764849e-02
3.019889416859580095e-02
3.032918114368748919e-02
3.045607491991158752e-02
3.057990536725567129e-02
3.069988668752121619e-02
3.081599670351120937e-02
3.092873639938070046e-02
3.103827020450247026e-02
3.114388975803915327e-02
3.124558410167910943e-02
3.134413429182454636e-02
3.143920960085174604e-02
3.153034708992778767e-02
3.161851327931354538e-02
3.170304751936907361e-02
3.178452498602074572e-02
3.186248767364028428e-02
3.193713209194111446e-02
3.200856959266292628e-02
3.207611806007727717e-02
3.214072062979710792e-02
3.220183683235944283e-02
3.225911349233743369e-02
3.231383083004159273e-02
3.236479693579276395e-02
3.241261115887900807e-02
3.245736290249309763e-02
3.249838976171674776e-02
3.253671387802553605e-02
3.257168797443468766e-02
3.260302322687607529e-02
3.263144236628561651e-02
3.265690878698904870e-02
3.267883305030336999e-02
3.269751998651386493e-02
