3.922321557730912844e-01
4.725175639489029855e-01
5.217716383881279008e-01
5.589517122189564535e-01
6.703146150948269266e-01
6.669498281565685582e-01
9.746916438856557674e-01
1.248335901626960176e+00
1.291784851550689561e+00
1.240942423189014043e+00
1.330256199715623477e+00
1.331826163223531756e+00
1.057451734225836715e+00
9.859822930152041254e-01
1.093058700669723216e+00
1.128053472202076524e+00
9.334363388414860241e-01
8.847662481336292517e-01
8.624070479521163124e-01
8.941309110870304666e-01
9.259742693707799788e-01
1.044710646040164947e+00
1.054554150814480895e+00
9.970998015756952215e-01
1.039492891767594518e+00
8.607027116586655202e-01
7.779892375880939070e-01
8.017383997541311924e-01
8.154019951443062242e-01
7.673497791006057556e-01
6.253627611859216007e-01
6.907891742476096608e-01
6.759878739437362727e-01
6.152859654324591698e-01
5.797422814929209522e-01
5.827447702461959755e-01
5.567243229246602310e-01
5.372966379973135309e-01
5.946673039773635594e-01
6.302539163977436409e-01
6.781693570710813912e-01
7.467019358069569845e-01
7.765605357245887186e-01
7.334572512819501622e-01
6.383286530413169180e-01
5.551898058829882743e-01
5.865064465620989376e-01
6.071535283576071640e-01
6.098017275143028382e-01
6.264110378225069553e-01
6.864617112054579584e-01
7.143410565343769614e-01
7.135120976789246505e-01
6.917547217297659312e-01
6.590521289199432475e-01
6.116063262334098249e-01
5.676440989899717016e-01
5.220253632219543638e-01
4.742649164468493161e-01
4.256630131344554258e-01
3.802688378417969917e-01
3.469725794011779829e-01
3.564482185186306218e-01
3.761422854089788714e-01
3.914152835755596582e-01
4.013883333255099939e-01
4.126012777857119285e-01
4.180909411686676846e-01
4.102449886697814296e-01
3.910093683528270692e-01
3.685022954067544987e-01
3.571672730459715672e-01
3.475515483445273390e-01
3.360346807820026038e-01
3.237275845700324228e-01
3.116622662123099685e-01
3.015665082964371635e-01
2.937731180715342227e-01
2.886902540688704999e-01
2.863894527325246964e-01
2.865774238464092738e-01
2.886990332013321670e-01
2.920496081180308234e-01
2.958805205183679399e-01
2.999167950207056177e-01
3.034358810554159125e-01
3.057673150073564883e-01
3.073897196648723296e-01
3.190852779429999564e-01
3.407582336396139944e-01
3.582957705923484060e-01
3.712341759983491807e-01
3.793911979892902187e-01
3.827934377760601747e-01
3.816282855547321606e-01
3.762279141336516974e-01
3.670291062171379126e-01
3.547695645788121466e-01
3.398325726360654775e-01
3.227216946440324974e-01
3.040653154934431779e-01
2.844717339692548475e-01
2.653141809278509733e-01
2.585329455685115296e-01
2.507954554332642028e-01
2.422044911678536694e-01
2.478847802372414755e-01
2.537518787761809391e-01
2.567602259185681746e-01
2.565040557255875986e-01
2.530234179530618244e-01
2.465475708074460481e-01
2.378250399644668001e-01
2.275535216896638069e-01
2.166048861444711260e-01
2.058102883602974109e-01
1.998003226110134922e-01
1.962391082001761211e-01
1.929715471597444054e-01
1.903282227913754010e-01
1.882687920440823670e-01
1.866937989230004202e-01
1.853875652888047343e-01
1.841016517506146866e-01
1.826421183051268882e-01
1.807347630809515160e-01
1.782300431449448108e-01
1.750047780631161787e-01
1.739034660878099603e-01
1.731069511842710518e-01
1.716769705853216921e-01
1.697308498244308184e-01
1.673512097719240532e-01
1.646738156881765724e-01
1.617615485112215978e-01
1.586997632653447399e-01
1.555293849033255738e-01
1.522152975650741258e-01
1.488012481110921881e-01
1.453943055430154674e-01
1.422037366059175911e-01
1.393103904918177594e-01
1.367051695938472644e-01
1.344336754004706869e-01
1.326143884406967843e-01
1.311938633303858792e-01
1.302424668268718222e-01
1.296436609395333617e-01
1.293288373013932735e-01
1.291892850316823105e-01
1.290543014498428398e-01
1.288360912952088710e-01
1.283586125138770906e-01
1.275408683587533343e-01
1.263049896120195803e-01
1.245566284452630651e-01
1.223601493922589628e-01
1.196520549524033583e-01
1.165291767240953791e-01
1.130336526853205070e-01
1.093411692786004363e-01
1.056462481998501346e-01
1.076401132146645456e-01
1.089400838038892400e-01
1.095563195222248459e-01
1.095242635127597342e-01
1.089287366524296502e-01
1.117584524181473860e-01
1.143619633705520583e-01
1.167542011125799056e-01
1.189869543928502582e-01
1.210024774183528634e-01
1.226401335684492444e-01
1.238739449715780677e-01
1.247227800385854179e-01
1.251461062946557234e-01
1.288964487579067619e-01
1.348212854618808521e-01
1.406006402813385348e-01
1.461220816036050418e-01
1.513223352464543314e-01
1.561461721622195986e-01
1.605577296146307731e-01
1.645307230507237761e-01
1.680324593933879562e-01
1.710613111211951587e-01
1.736239208155420655e-01
1.757306812384790695e-01
1.809506150003791503e-01
1.864836744388927714e-01
1.916283991929378649e-01
1.963511618118700119e-01
2.006413883122443453e-01
2.044939409471347447e-01
2.079122429306509978e-01
2.109119513856882178e-01
2.135378385604355389e-01
2.158202476538680081e-01
2.177839601447203732e-01
2.194636497479349191e-01
2.208903119853330987e-01
2.220937935408391906e-01
2.231353040169229696e-01
2.240280173397514729e-01
2.247918612657402448e-01
2.254492045869586625e-01
2.260235296843563779e-01
2.264929217581226617e-01
2.268357571350418656e-01
2.270545028493784756e-01
2.271560123245545126e-01
2.271487706911287097e-01
2.270406637045494225e-01
2.268345103925598905e-01
2.265228887497230947e-01
2.260903309435456920e-01
2.255196797814949805e-01
2.247944344432791786e-01
2.239006909122097100e-01
2.228290899144019510e-01
2.215734589735145477e-01
2.201285197579818387e-01
2.184999689584966043e-01
2.166987119559744546e-01
2.147189626431640630e-01
2.125715598606799650e-01
2.103234842703164686e-01
2.079270851396827491e-01
2.053952089745129383e-01
2.027350700318648891e-01
1.999186975848840642e-01
1.969929116907311872e-01
1.939386467492964228e-01
1.907506947915400819e-01
1.880468879168571417e-01
1.857565710292904404e-01
1.833237731317330088e-01
1.807567601603201901e-01
1.780642227249611964e-01
1.752548406932241121e-01
1.723377272554786344e-01
1.693272319391683212e-01
1.662535378350639137e-01
1.631067142182572316e-01
1.599002533435574525e-01
1.566479971615738764e-01
1.533761533580071390e-01
1.500994314440466659e-01
1.468124191262611955e-01
1.435239332762406617e-01
1.402803257697572969e-01
1.370541539999787506e-01
1.338694772364269758e-01
1.307457809695275197e-01
1.276710455170811387e-01
1.246838670078956463e-01
1.217615941343801605e-01
1.189367700684456214e-01
1.162008165706982787e-01
1.135559212249939859e-01
1.110316755132657457e-01
1.086103257137320949e-01
1.062985083376176282e-01
1.041014900683875505e-01
1.020292793065812331e-01
1.000802352453366018e-01
9.825199563522429846e-02
9.654544032250307606e-02
9.496047535723191324e-02
9.349612338329618688e-02
9.215061409116828695e-02
9.092147358522462142e-02
8.980561166192933820e-02
8.879940613814978068e-02
8.789878350812337093e-02
8.709929534133416251e-02
8.639618996031908638e-02
8.578447905604555390e-02
8.525899900812430876e-02
8.481464157991031039e-02
8.444710192565452189e-02
8.414911094740722131e-02
8.391523498410431714e-02
8.374010234062650992e-02
8.361865829090170399e-02
8.354786127835024667e-02
8.352125609141256013e-02
8.353398338184135630e-02
8.358133796066018195e-02
8.365877806557073249e-02
8.376193157641854958e-02
8.388659952543081610e-02
8.402875724319557038e-02
8.418948989579362607e-02
8.436673196328786650e-02
8.455133740200938830e-02
8.473993545100247382e-02
8.492960964621207309e-02
8.513198855199674564e-02
8.532997060736394190e-02
8.552073343929809945e-02
8.570938501676306220e-02
8.589647004553814524e-02
8.606931339067874775e-02
8.623203017342842558e-02
8.639041828980614790e-02
8.652831820793867312e-02
8.665647624835580431e-02
8.677028219457146030e-02
8.686031431804974723e-02
8.694455110930837671e-02
8.699937569994339870e-02
8.704429616750899990e-02
8.706120399173987445e-02
8.706232308690774191e-02
8.703647598671039598e-02
8.699172582326973602e-02
8.691848623187613254e-02
8.682692964299253136e-02
8.670185543325110988e-02
8.656380855887373105e-02
8.639404851247639572e-02
8.619864589407318090e-02
8.598421830127712939e-02
8.573964266404128509e-02
8.546607401710323848e-02
8.517241582113004028e-02
8.484279737366261231e-02
8.448390142270914560e-02
8.409636803994427479e-02
8.366784740369254125e-02
8.321739605419729846e-02
8.272800110943057117e-02
8.220239591108696731e-02
8.165313710373105216e-02
8.106800059014733495e-02
8.044949546959893893e-02
7.980118372494959811e-02
7.912916609025751058e-02
7.917260855630862959e-02
7.959734583471847480e-02
8.000735215324548955e-02
8.039182396182768808e-02
8.075931896887493522e-02
8.110537390636657351e-02
8.142312086325742548e-02
8.172742865733392814e-02
8.200095125632335391e-02
8.225145479288123451e-02
8.247727722988623666e-02
8.267134608858260625e-02
8.284658552583284985e-02
8.298698328927003875e-02
8.310572629683697643e-02
8.319707895983652346e-02
8.325880715603797833e-02
8.329841818241459639e-02
8.331550221341892104e-02
8.330815601134694548e-02
8.327809160957314050e-02
8.322532338924257256e-02
8.314845951877673780e-02
8.304974530755662721e-02
8.292746346035996530e-02
8.277597709989392705e-02
8.259400114228614143e-02
8.238967856613171881e-02
8.215846945223780062e-02
8.189783436253413040e-02
8.160722127595840258e-02
8.129618269591927515e-02
8.095529759457170682e-02
8.058246473983542157e-02
8.018436599237113716e-02
7.986658461644552398e-02
8.020238515405023194e-02
8.052601011520320318e-02
8.083105996142944671e-02
8.111760793197979325e-02
8.138704011714502362e-02
8.164335049741522354e-02
8.188093920889354116e-02
8.210025960305721016e-02
8.230234908419964412e-02
8.249239595300787709e-02
8.266491334605453878e-02
8.281902186621743767e-02
8.295348863557198971e-02
8.307626996360507887e-02
8.317863180061221828e-02
8.325971447130194047e-02
8.332670902072801533e-02
8.337479783408142942e-02
8.340237714539483482e-02
8.341408585576917667e-02
8.341225844512079046e-02
8.339555252428106080e-02
8.336845345270973984e-02
8.334078910167672105e-02
8.331897805266479107e-02
8.331624855294501864e-02
8.332114592258364760e-02
8.331892692628566077e-02
8.330669613894624292e-02
8.328332075832033110e-02
8.324747042833714750e-02
8.319589821475806279e-02
8.312885237741858557e-02
8.304730172289308265e-02
8.294365546420116864e-02
8.282457697320758094e-02
8.268701669453815128e-02
8.252724983531133096e-02
8.235515850434617369e-02
8.215738871671043886e-02
8.194853982940701609e-02
8.171528848640986775e-02
8.146803654995520005e-02
8.120008122898778047e-02
8.091548213720031746e-02
8.061410162454367423e-02
8.029326121922492066e-02
7.995950828634230956e-02
7.960357786586474971e-02
7.923834216789381324e-02
7.884951764895399562e-02
7.845278656017080909e-02
7.803408466904331042e-02
7.760515060671824283e-02
7.715802625814886795e-02
7.669814922262467582e-02
7.622489698940110303e-02
7.573535413825074891e-02
7.523895890239637452e-02
7.472704592286381897e-02
7.420427778114865869e-02
7.367267977736256801e-02
7.312466526745475814e-02
7.257106036549237915e-02
7.200069233762838861e-02
7.142223354384431844e-02
7.082928637319514664e-02
7.022730112813492520e-02
6.961272162469261948e-02
6.898853677434853282e-02
6.835492750329942580e-02
6.770985842752010042e-02
6.706160660670161533e-02
6.710745250506114368e-02
6.718794247347358028e-02
6.726343097459960840e-02
6.733337219548769792e-02
6.739726000112673809e-02
6.745656592812197816e-02
6.751426228883244951e-02
6.757730426367233867e-02
6.764659865975103381e-02
6.771642110738837483e-02
6.778406199888735439e-02
6.784984096232278550e-02
6.792119122576237289e-02
6.799956187660115281e-02
6.807651703530298581e-02
6.814807956839973035e-02
6.821161797555476414e-02
6.826834361215322611e-02
6.831932360181135200e-02
6.836124529800226279e-02
6.839662069098359498e-02
6.842545826179464996e-02
6.844359090084706221e-02
6.845706348048490042e-02
6.845845285743057396e-02
6.845344769770841942e-02
6.843860826731774927e-02
6.841383923229715780e-02
6.838329161610530449e-02
6.833997228785868017e-02
6.829283138854966295e-02
6.823463317129040140e-02
6.816718564495305444e-02
6.809463119099794237e-02
6.801012595649075232e-02
6.792093334413618066e-02
6.782289849941927629e-02
6.771598671939403624e-02
6.760492898483706770e-02
6.748274184917725516e-02
6.735881978403532311e-02
6.722440921384374712e-02
6.708682215490127665e-02
6.694066929327829873e-02
6.679081040065860952e-02
6.663338603793778070e-02
6.647212755930170802e-02
6.630389390922518389e-02
6.613156879111195541e-02
6.595298132221008580e-02
6.576926020040230192e-02
6.558076993814419831e-02
6.538445401294393222e-02
6.518651063306818427e-02
6.497971721451174798e-02
6.476880186471201117e-02
6.455328797994741574e-02
6.432940362500183529e-02
6.410270966992522024e-02
6.387082642812914879e-02
6.363104302626002018e-02
6.338830965435274245e-02
6.314123282098781098e-02
6.288671593866272669e-02
6.262831425873496838e-02
6.236718965472461129e-02
6.209907411709986169e-02
6.182587696621856532e-02
6.155181681661305720e-02
6.127120318735496118e-02
6.098463510328676340e-02
6.069871455687959189e-02
6.040666578070871123e-02
6.010866615713005012e-02
5.981146350599785694e-02
5.950900376848978351e-02
5.920100116274096269e-02
5.889339135003524711e-02
5.858150605706586439e-02
5.826447271389970095e-02
5.794772116133229539e-02
5.762735655093768894e-02
5.730222531686766929e-02
5.697754321150830942e-02
5.664960626214862044e-02
5.631727056864031106e-02
5.598597626504892705e-02
5.565133417393885312e-02
5.531318206402608545e-02
5.497651225327444130e-02
5.463599080991130008e-02
5.429479176895509601e-02
5.395269455245669393e-02
5.360754792958146581e-02
5.326412209400697290e-02
5.291735614859243569e-02
5.257098244357268774e-02
5.222329992169359031e-02
5.187352382372093645e-02
5.152514987671358987e-02
5.117391236092099643e-02
5.082251704910409340e-02
5.047096927071986067e-02
5.011684697633740637e-02
4.976293549371212099e-02
4.940886766833049032e-02
4.905250132860712597e-02
4.869555348973172992e-02
4.833958886837513846e-02
4.798158887630788599e-02
4.762252209956353149e-02
4.726524883932966409e-02
4.690619074364393848e-02
4.654706057400728042e-02
4.618902848085582047e-02
4.582944977409464382e-02
4.547171433186245060e-02
4.511343791734460928e-02
4.475479388093368122e-02
4.439796127255798974e-02
4.403992418091796923e-02
4.368297353665222954e-02
4.332662828662422333e-02
4.296928621227612266e-02
4.261308451292173533e-02
4.225766924658793527e-02
4.190145360225604187e-02
4.154475386573951851e-02
4.119068843728455193e-02
4.083600816689980650e-02
4.048079829039415156e-02
4.012586968191820397e-02
3.977310987656045016e-02
3.941999119758574782e-02
3.914602415881648922e-02
3.888360638968179489e-02
3.862017707797393840e-02
3.835411171083245169e-02
3.808582281076734050e-02
3.781650006675188469e-02
3.754585911034531015e-02
3.727334337800147779e-02
3.699884302154109877e-02
3.672383029549323302e-02
3.644675218165855518e-02
3.616706599714652332e-02
3.588679917868575070e-02
3.562728757694090531e-02
3.552508625798755232e-02
3.542211235769664179e-02
3.531949140758283701e-02
