5.204429979285247754e-01
5.212108021814151337e-01
5.261881537302546263e-01
5.334462089241621685e-01
5.206735101227506490e-01
5.972463650935084800e-01
6.287932015272108544e-01
6.951437013027872425e-01
6.809148953696620987e-01
7.537999526388589056e-01
8.682335320989257310e-01
8.130800628639651695e-01
8.855265380459218516e-01
9.583159921144407400e-01
9.505432777123011823e-01
7.921072606454052645e-01
8.902193562332076926e-01
1.129537575553563045e+00
1.059070462013834257e+00
1.092071294536104853e+00
1.088141359062108515e+00
1.159108901388069546e+00
1.142852165478942750e+00
1.055504216583719401e+00
1.087137119710419375e+00
1.006519278616703428e+00
9.519515257151840437e-01
1.035490895325146932e+00
1.103410528250390099e+00
1.079729350260980825e+00
1.023488147267749726e+00
9.755225456958054320e-01
8.701403094515525183e-01
8.438791968715654290e-01
9.491485752534786213e-01
1.006694700182338753e+00
1.036014483062846159e+00
1.074344747148825663e+00
1.148607345466172713e+00
1.259163144536872947e+00
1.401760521158015971e+00
1.513746110789837784e+00
1.568466632207240474e+00
1.569220813981499818e+00
1.568675041109151236e+00
1.543813701994551257e+00
1.480430510117555665e+00
1.382226287889117833e+00
1.257388151816465793e+00
1.115777305668373520e+00
9.764352642542918348e-01
9.112900808986789114e-01
8.661878285049271486e-01
8.226816787870417924e-01
7.855195076567467183e-01
7.618797840336571925e-01
7.481259380816485116e-01
7.452157533074118545e-01
7.472891562502331775e-01
7.500374859545524409e-01
7.986646649719915114e-01
8.588235515710556101e-01
9.175225652286980171e-01
9.684657346876627271e-01
1.008453052582177101e+00
1.040122652779898127e+00
1.103284151877417019e+00
1.140253663728295175e+00
1.154164683788882595e+00
1.143296763642759339e+00
1.112944674802699874e+00
1.067613868683308764e+00
1.009611023318547351e+00
9.452000387624477362e-01
8.767744751622716937e-01
8.078405466234318544e-01
7.521624787512797283e-01
7.071113385356982972e-01
6.626548185406531122e-01
6.196637420203697788e-01
5.788306683023929367e-01
5.390609806414828897e-01
5.153479622568114538e-01
4.947754943535521699e-01
4.763568968103405465e-01
4.588983306436487664e-01
4.422583066119874506e-01
4.264689681920487141e-01
4.118974477011242974e-01
3.978485562229643890e-01
3.843421619375336218e-01
3.714230929997594521e-01
3.593930909006155527e-01
3.482408303314919462e-01
3.377722148153330939e-01
3.280189252351268792e-01
3.189844873473651754e-01
3.106410810165379233e-01
3.030488854236787488e-01
2.968930946957483163e-01
2.912546608950393745e-01
2.845563993938257652e-01
2.776640495573340361e-01
2.717515835569305760e-01
2.660580121932240583e-01
2.602100747560303073e-01
2.540495499658073086e-01
2.474932168787473685e-01
2.407668506736519165e-01
2.336362283510610705e-01
2.305177476673297143e-01
2.308280241051566817e-01
2.326678839122344467e-01
2.357510442529285044e-01
2.396968784668627450e-01
2.440629207762250730e-01
2.483807937245667286e-01
2.522031291138248088e-01
2.555741773050717591e-01
2.577358512324307571e-01
2.587716064270411120e-01
2.584113112370565180e-01
2.568453900864850481e-01
2.539175896538318211e-01
2.498123828876033237e-01
2.447132553317890591e-01
2.387982499097310307e-01
2.321288239633254591e-01
2.248628753567981919e-01
2.173215663331118930e-01
2.096847097138587190e-01
2.020837700707119045e-01
1.954042639128102665e-01
1.943677246948732062e-01
1.944045903779806905e-01
1.961065417126831856e-01
1.976886371573521040e-01
1.989543903983102546e-01
1.999032386395212246e-01
2.007783490223767342e-01
2.013527838075857834e-01
2.016663912482568599e-01
2.018867749133983480e-01
2.018086236748769524e-01
2.016355067364126175e-01
2.012371930357795824e-01
2.007034382578287146e-01
2.000095572376504316e-01
2.044228944288839223e-01
2.116013592426373990e-01
2.188760968771798765e-01
2.262004683045469866e-01
2.333544664138717806e-01
2.401484534565541118e-01
2.465519967179550243e-01
2.523999144221311108e-01
2.575521577159683440e-01
2.619246522528144161e-01
2.654423424107019702e-01
2.680461014038326706e-01
2.697028122246887816e-01
2.704086847089845480e-01
2.702214828012050596e-01
2.692838358184720948e-01
2.675048368418349032e-01
2.650441018791617753e-01
2.619077764583725432e-01
2.582828751042233195e-01
2.545292891414385195e-01
2.509949815628249592e-01
2.473545083927813359e-01
2.433517797285913165e-01
2.388334036958323636e-01
2.336936180589065104e-01
2.280362641531553380e-01
2.218740283220268228e-01
2.168422150446612240e-01
2.115768676315172292e-01
2.057189409414758585e-01
2.046070691991383750e-01
2.030939834712596204e-01
2.013217021159161846e-01
1.991575160879088813e-01
1.967098765613617961e-01
1.939807493642936864e-01
1.909201189073184979e-01
1.877036696632549129e-01
1.842240868726681413e-01
1.805237129843124955e-01
1.766518365025185888e-01
1.726685345295545237e-01
1.685898149171804750e-01
1.678694926905258955e-01
1.681546234012608054e-01
1.685198893112455076e-01
1.699647536999381037e-01
1.714989164816297651e-01
1.729264539663654954e-01
1.742531218992378894e-01
1.754230017326562641e-01
1.765436280695783788e-01
1.775219090784253828e-01
1.783587176961510812e-01
1.791562694531351752e-01
1.798112857508758766e-01
1.803273013873625541e-01
1.808043038134058145e-01
1.811619989307822198e-01
1.813901322142022765e-01
1.815310192868579142e-01
1.816177188508072138e-01
1.815844272056547637e-01
1.814350261878453219e-01
1.812297738986860252e-01
1.809613178120266508e-01
1.805863334682235033e-01
1.801087403674700438e-01
1.795836775366638494e-01
1.790085860399880935e-01
1.783402346040743047e-01
1.775824800754435828e-01
1.767767244871886467e-01
1.759417192464037827e-01
1.750262420616761627e-01
1.740340095060742276e-01
1.729957722214575111e-01
1.719448839015710329e-01
1.708256194475436529e-01
1.696414978019425146e-01
1.684198544303512346e-01
1.671938427678290040e-01
1.659107109656786094e-01
1.645737406549016291e-01
1.632100184038184354e-01
1.618460689502103644e-01
1.604353222536742118e-01
1.589807979852151110e-01
1.575043019931559596e-01
1.560359237038930202e-01
1.545300896846023009e-01
1.529895454303597246e-01
1.514188917139804857e-01
1.498759353620733037e-01
1.483038716651289279e-01
1.467051696916278070e-01
1.450822208281921655e-01
1.434613314997707778e-01
1.418483433138520156e-01
1.402158182921207086e-01
1.385658785360457113e-01
1.369005706538249656e-01
1.352421965798470405e-01
1.335968385969318328e-01
1.319399849263629965e-01
1.302734290676244300e-01
1.285988935537343003e-01
1.269180310223765040e-01
1.252667052727555741e-01
1.236150787113119570e-01
1.219600732886125943e-01
1.203031151646724861e-01
1.186455668133390290e-01
1.169887283936078270e-01
1.153536888581519759e-01
1.137326031116410036e-01
1.121143769811773216e-01
1.105001146732270539e-01
1.088908649738427187e-01
1.072876227280847999e-01
1.056913303291460993e-01
1.041114314931480822e-01
1.025556447302386071e-01
1.010081762950768847e-01
9.946980909572154805e-02
9.794128046315427050e-02
9.642328360222053585e-02
9.491646903099894284e-02
9.342144600617210970e-02
9.193878393218053724e-02
9.047515527412014480e-02
8.903551132260129064e-02
8.760882020706099726e-02
8.619553555016794266e-02
8.479607721414592070e-02
8.341083257536736906e-02
8.204015777408016352e-02
8.068437893840184338e-02
7.934379338183865371e-02
7.801867077371886505e-02
7.670925428204256047e-02
7.541576168835978367e-02
7.413838647438933394e-02
7.288353576604793271e-02
7.164780010675456112e-02
7.042804982284080195e-02
6.922441341629755052e-02
6.866321657736330908e-02
6.817623931787289426e-02
6.769049941053742470e-02
6.719290419387306812e-02
6.668428420984258420e-02
6.616544196499959951e-02
6.563715242043725862e-02
6.522373297188126251e-02
6.503113637786821222e-02
6.482933810749259840e-02
6.459550308947731301e-02
6.433116099762048457e-02
6.403781072164180244e-02
6.372405166406477917e-02
6.340052907036701491e-02
6.305162865148740414e-02
6.267872026654566775e-02
6.228334370338402259e-02
6.188793781584385478e-02
6.147177605997342087e-02
6.103609715039481215e-02
6.059107989964304664e-02
6.013951311910265690e-02
5.967131294269028413e-02
5.920000471032045575e-02
5.872002529507766577e-02
5.850904300724502766e-02
5.830898463164303075e-02
5.809137092288436249e-02
5.786474093763629978e-02
5.762565789661942134e-02
5.736877560527166992e-02
5.711060617748595081e-02
5.683521878511592351e-02
5.654586778114518292e-02
5.625501628666423198e-02
5.594918398298052986e-02
5.562922580346738033e-02
5.530810452537370664e-02
5.497718945801943063e-02
5.463413284652430396e-02
5.427970070900774158e-02
5.392716436992722739e-02
5.356572255286447259e-02
5.319464909904440819e-02
5.281462483811204256e-02
5.243117731506791862e-02
5.204756695188533788e-02
5.165652429661676120e-02
5.125864977243333592e-02
5.085452287594532939e-02
5.044761061290085197e-02
5.004356101146732738e-02
4.963451492587111352e-02
4.922097827647915758e-02
4.880343777229383118e-02
4.838236126648563090e-02
4.796378430216041017e-02
4.754627814920904527e-02
4.712620969387292663e-02
4.670398216687861315e-02
4.627998184625298911e-02
4.585457844535627964e-02
4.543198156156692119e-02
4.501272102736887659e-02
4.459278960407178638e-02
4.417250152042472011e-02
4.375215636907221761e-02
4.333203949647632808e-02
4.291353770037113768e-02
4.250135734644888003e-02
4.208993518788310684e-02
4.167950987377260635e-02
4.127030765544943691e-02
4.086254275849843243e-02
4.045659880185864532e-02
4.005791739961812176e-02
3.966103722828108469e-02
3.926613392941336739e-02
3.887337282353899026e-02
3.848290925242953131e-02
3.851202270139811312e-02
3.887243489233473126e-02
3.930336427262394461e-02
3.972921599104126816e-02
4.014477371209687617e-02
4.054615583541944235e-02
4.093340226719874991e-02
4.131274276547415580e-02
4.167552184850099178e-02
4.202095759900147803e-02
4.235511494415469813e-02
4.267399000342455423e-02
4.297376505447931400e-02
4.325758504782153957e-02
4.352847556126156203e-02
4.377893603549466717e-02
4.401008856640041544e-02
4.423003697695190861e-02
4.442861736353445612e-02
4.460683643077482247e-02
4.477389853999678981e-02
4.491900908688438443e-02
4.504630248305636214e-02
4.515943095450965922e-02
4.525033980851340260e-02
4.533058812980799573e-02
4.538951629992311193e-02
4.543694136260536393e-02
4.546492260629861337e-02
4.559439603033765831e-02
4.581654289553651477e-02
4.602936989370922521e-02
4.623086694927575069e-02
4.642106408111300320e-02
4.660235080211923286e-02
4.676937823242192233e-02
4.693003103636908535e-02
4.707756341304514258e-02
4.721314344571291011e-02
4.734173615152498932e-02
4.745667915348809190e-02
4.756229573148493955e-02
4.765916026362585628e-02
4.774281192384190187e-02
4.782089511518000657e-02
4.788737851518658217e-02
4.794582617340999858e-02
4.799575549781477657e-02
4.803852547672845391e-02
4.807250244693877378e-02
4.810289977007860956e-02
4.812593122500478243e-02
4.814175746338719003e-02
4.815419779165616004e-02
4.815959898814657636e-02
4.835778778640890258e-02
4.857230967796880711e-02
4.877966396393991488e-02
4.897816406647158977e-02
4.917036920899119784e-02
4.935324712888223414e-02
4.953037680143579369e-02
4.969804161655259206e-02
4.986085747352420744e-02
5.001414895965031193e-02
5.016359034265438499e-02
5.030547581437991994e-02
5.044089878052208237e-02
5.057299972298782281e-02
5.070023018210597504e-02
5.082343370353818723e-02
5.094313732048432602e-02
5.105909626977609556e-02
5.117034321624118476e-02
5.127765325100544502e-02
5.138029856842609572e-02
5.147576374970403573e-02
5.156804116529543208e-02
5.165276862501174543e-02
5.173299808856961918e-02
5.180598332027422370e-02
5.187454141441288219e-02
5.193461459692201576e-02
5.199187733360906977e-02
5.203997577554232701e-02
5.208413838180271649e-02
5.212151672781459993e-02
5.215059557943852592e-02
5.217762356306829274e-02
5.219600709090087970e-02
5.220779604345281849e-02
5.221638820124177571e-02
5.221665114857846485e-02
5.221098693085916148e-02
5.220200339098327730e-02
5.218500032641894965e-02
5.216212900589197593e-02
5.213640723028541146e-02
5.210296912966158600e-02
5.206361881321962953e-02
5.202196989433627294e-02
5.197290071710039538e-02
5.191838906244482243e-02
5.186159430490627081e-02
5.179766781279912524e-02
5.172997545598637115e-02
5.165878328485464660e-02
5.158074014847643940e-02
5.150227193794432168e-02
5.141739632113193070e-02
5.133059433658707094e-02
5.123913772661616711e-02
5.114604499082463923e-02
5.104841286183174620e-02
5.095071698050943759e-02
5.085033538333315339e-02
5.074868854007711511e-02
5.064714688902967332e-02
5.054659223627446657e-02
5.044723535916496859e-02
5.034870525240912192e-02
5.025027857861198710e-02
5.015101098710526145e-02
5.004971954104592974e-02
4.994754314937679962e-02
4.984297575589173579e-02
4.973528496023241902e-02
4.962577278838379430e-02
4.951275607128107631e-02
4.939659753149767962e-02
4.927844536141330611e-02
4.915488925934086151e-02
4.903103483043693561e-02
4.890265864752507685e-02
4.876953499514875140e-02
4.863652819616284817e-02
4.849845423648270482e-02
4.835596574284975468e-02
4.821356681419775719e-02
4.806630885254364188e-02
4.791467271836416519e-02
4.776338551377241892e-02
4.760744252575678515e-02
4.744798294462922866e-02
4.728829278945494152e-02
4.712414541770607035e-02
4.695919468748690345e-02
4.679156531876492442e-02
4.662296667876388023e-02
4.645229967515121516e-02
4.628225760428217317e-02
4.611244057283074571e-02
4.594535546807889531e-02
4.578209293551055437e-02
4.562253218249829462e-02
4.546403766069189584e-02
4.530577745355127833e-02
4.514771152928756526e-02
4.499080842651535794e-02
4.487302481801699883e-02
4.475951452094834720e-02
4.464747248409603464e-02
4.453582835215318114e-02
4.442367594027032962e-02
4.430983653673328804e-02
4.419456058676138333e-02
4.407844262238266170e-02
4.395926690249191138e-02
4.384019990853924020e-02
4.371747345022439224e-02
4.359502664908134623e-02
4.346922816811115559e-02
4.334317426767068243e-02
4.321437717970405545e-02
4.308484335725245445e-02
4.295271735404133928e-02
4.281983039439781619e-02
4.268348817228437286e-02
4.254737647065585937e-02
4.240750677465768281e-02
4.226616166418111636e-02
4.212329107902711839e-02
4.197682650536599391e-02
4.182878078756230994e-02
4.167954099174801114e-02
4.152686842545359053e-02
4.137083390109567993e-02
4.121535226916978045e-02
4.105685682661870672e-02
4.089515671777563949e-02
4.073060961194637647e-02
4.056667205514338792e-02
4.039968412373438206e-02
4.022971410186539781e-02
4.005706566382648270e-02
3.988515997469459229e-02
3.971042228456347911e-02
3.953291930748065175e-02
3.935297762406437388e-02
3.917382906518446922e-02
3.899206097031733542e-02
3.880773840300768412e-02
3.862153126703869038e-02
3.843584061723884227e-02
3.824773678557739920e-02
3.805728311152864474e-02
3.786577193732747204e-02
3.767421521573739718e-02
3.748044537102356716e-02
3.728452395231244415e-02
3.708855492349175803e-02
3.689178332167365737e-02
3.669299219464085965e-02
3.649224124255661533e-02
3.629263484188424010e-02
3.609127439837205020e-02
3.588808142364589837e-02
3.568439577611772634e-02
3.548075548580371941e-02
3.527540652195523124e-02
3.506847626410117269e-02
3.486283456495360006e-02
