4.011031333016688571e-01
5.583863664503353474e-01
6.633206505112185791e-01
8.145386898653396157e-01
5.655677932814935360e-01
8.258668080792590516e-01
8.383089000761363430e-01
8.664015889471142762e-01
7.912891922163511893e-01
9.355533051519913101e-01
1.118654598007266854e+00
1.100291824680734720e+00
1.330322624238219120e+00
1.544391619136732396e+00
1.660632935630323770e+00
1.435133187009687505e+00
1.534764719328932214e+00
1.389699316269326745e+00
1.366635055622072326e+00
1.193317542830313327e+00
1.017246478532210396e+00
1.021395447282950952e+00
9.518462758459577122e-01
9.263375547616070627e-01
9.502007891273366313e-01
9.167181703601035014e-01
8.656290844766927339e-01
8.719975020355144046e-01
8.816573430984639970e-01
8.818106723678047487e-01
8.744144322218235788e-01
8.898569413629455749e-01
9.326558930677757431e-01
9.686033098175038658e-01
9.533443628129772973e-01
9.409313297159249689e-01
9.019855018423817983e-01
8.855635753887077799e-01
8.592103034615825585e-01
8.317070929633820775e-01
7.895066690703952395e-01
7.385131055278016943e-01
7.023431095720178430e-01
6.573269093243052641e-01
6.071643796240930868e-01
5.641109521789582359e-01
5.425154807953312952e-01
5.261681391806669605e-01
5.114335134780940706e-01
4.928055243607554203e-01
4.726342415345703429e-01
4.525810165776620875e-01
4.349246855131080891e-01
4.191457568498373476e-01
4.482369428437915637e-01
4.697474041590535832e-01
4.742687230022438749e-01
4.827745296171374045e-01
5.069808891231454284e-01
5.392279620480182611e-01
5.695331584442707706e-01
5.874881464497920813e-01
5.961909763331145751e-01
5.921642319049276182e-01
5.879543994329854417e-01
5.900284574876634158e-01
6.099087307459367668e-01
6.266386523948879184e-01
6.394033701956084448e-01
6.402677636780463866e-01
6.270285173210747853e-01
6.057009033528448771e-01
5.754171666401368679e-01
5.437902089261148486e-01
5.235494630970707330e-01
5.112131260136079103e-01
5.056349308063802228e-01
5.034808211862510374e-01
5.047500405004693436e-01
5.036705194999679946e-01
5.016550351399771124e-01
4.924903459420834628e-01
4.799973870580737656e-01
4.687737205771193016e-01
4.516910829809696604e-01
4.335219542199724163e-01
4.121433001313004607e-01
3.918440096578743037e-01
3.725297322467202576e-01
3.546113246529547514e-01
3.389965776493638616e-01
3.260892764419993095e-01
3.167157348739376710e-01
3.095337174555049531e-01
3.039162851860249259e-01
2.990922759634006001e-01
2.942807619935519647e-01
2.890718509239329492e-01
2.840067220852646734e-01
2.776369109441350624e-01
2.699059429599234838e-01
2.616806243060726955e-01
2.529356699728424474e-01
2.431583090995700080e-01
2.325465856431344902e-01
2.217671898987259582e-01
2.109217624172238237e-01
1.996182410146896125e-01
1.880662065985104769e-01
1.765074016474345864e-01
1.652176674264286549e-01
1.545002650780459563e-01
1.476179428324972676e-01
1.425484465144362389e-01
1.362043011489834643e-01
1.286556470519926443e-01
1.236662785798730985e-01
1.229807172269763577e-01
1.235553461793713753e-01
1.281513629039492397e-01
1.325501464445582589e-01
1.364907456266112595e-01
1.397345589748020533e-01
1.429906022292585788e-01
1.489449043998236633e-01
1.543995940211490003e-01
1.590062721372433596e-01
1.624730376669735743e-01
1.650139537124024891e-01
1.664846215404940655e-01
1.663925735221480351e-01
1.650940011596457035e-01
1.676684976132152560e-01
1.698562211413445211e-01
1.713955606001029697e-01
1.720709764087934579e-01
1.724429885299818277e-01
1.722555908586217988e-01
1.713170927313281688e-01
1.700099381427106482e-01
1.684031362998863746e-01
1.661773391322721727e-01
1.636506854524935883e-01
1.609520221630762193e-01
1.579975391890125203e-01
1.554277164989051052e-01
1.529044599889849421e-01
1.500443506032424212e-01
1.468366914029736181e-01
1.470575314946069301e-01
1.481922230654793282e-01
1.487191285647289085e-01
1.490607663426401497e-01
1.488054127471944432e-01
1.480376234875038499e-01
1.472367127637448092e-01
1.460168162146519844e-01
1.444521251809812723e-01
1.426170576958392666e-01
1.405843119384504458e-01
1.384231574582240054e-01
1.364200639335926002e-01
1.344288516447808557e-01
1.324537358012280730e-01
1.305417193006807586e-01
1.287324342915542597e-01
1.270580072226371315e-01
1.255431478304361304e-01
1.242054264165891875e-01
1.230557017346253917e-01
1.220986618920298500e-01
1.213334425165100566e-01
1.207542896316059211e-01
1.203512388276147677e-01
1.201107870115748488e-01
1.200165379281170064e-01
1.200498074686955075e-01
1.202753414500874335e-01
1.206314451200365401e-01
1.210585559851046350e-01
1.215344737681640919e-01
1.220367124047927604e-01
1.225428013471694805e-01
1.230305432635418611e-01
1.234782334418633304e-01
1.238648463471604538e-01
1.241701945773179688e-01
1.243750649989153467e-01
1.246648078465520948e-01
1.248557426197345194e-01
1.249015349306377282e-01
1.247870582570781151e-01
1.244985503793434867e-01
1.240236845466284044e-01
1.249858612578257228e-01
1.260463707496753405e-01
1.269765829371123922e-01
1.288483102386291101e-01
1.307383279595415171e-01
1.326533074504854526e-01
1.344719285933937136e-01
1.361630423297071069e-01
1.377268171125685114e-01
1.393201818265933367e-01
1.408351707157440291e-01
1.424374703514717788e-01
1.439738622525003064e-01
1.455200144786848726e-01
1.469745800426648652e-01
1.483880065627324607e-01
1.497420741480235129e-01
1.510777719828102494e-01
1.540200197568942497e-01
1.568034677461212778e-01
1.594074055296401116e-01
1.619328496673499984e-01
1.641967921894994797e-01
1.662904109177884004e-01
1.682785369155522515e-01
1.699924483544474896e-01
1.715346309931282121e-01
1.729672362494600046e-01
1.741216186450391945e-01
1.751724910669631430e-01
1.760506512815978586e-01
1.766544914741526306e-01
1.772350151962306941e-01
1.775772116888658936e-01
1.776557538655830493e-01
1.776880893696100860e-01
1.775280805044352206e-01
1.771204914832347765e-01
1.765162926921932385e-01
1.758998019844529859e-01
1.750558035945954383e-01
1.739939133693758910e-01
1.727839381682079456e-01
1.715597961081103129e-01
1.701414233537875409e-01
1.685397060076117837e-01
1.677212151071586221e-01
1.675272754756153004e-01
1.672707263707479686e-01
1.667251609535794210e-01
1.659036169220250156e-01
1.650959478221175336e-01
1.640334612874047859e-01
1.627286618446065203e-01
1.612918066544938023e-01
1.597978645526576813e-01
1.580963105455387707e-01
1.562020226475551443e-01
1.542521930111930284e-01
1.522389814444797262e-01
1.500672081086424359e-01
1.477513990698174351e-01
1.453848353684292216e-01
1.430149911747886637e-01
1.405328403585233699e-01
1.381465283202150396e-01
1.359253295552932395e-01
1.336800595319765361e-01
1.314898398246147626e-01
1.292478910540642012e-01
1.270723998428795187e-01
1.248718476262593857e-01
1.227367201596963192e-01
1.210527344709625280e-01
1.196676614177425990e-01
1.182286463956932904e-01
1.167425173619096590e-01
1.152442216747131681e-01
1.137769303337902993e-01
1.122760233227894644e-01
1.107475308612818204e-01
1.091972497319747548e-01
1.076526786444973599e-01
1.061475983080906876e-01
1.046316491497199519e-01
1.031098029146668565e-01
1.016029187718932303e-01
1.001410144122069634e-01
9.868221381834077488e-02
9.723067862911602410e-02
9.581329703343481607e-02
9.443267622472048539e-02
9.306650726316308131e-02
9.171817358084284610e-02
9.039082997969093147e-02
8.908740515262295045e-02
8.781060467589721363e-02
8.658285125778758529e-02
8.539150245987230103e-02
8.423078056316321560e-02
8.310269859151681038e-02
8.200906596244721125e-02
8.095149325726909428e-02
7.993139728492773544e-02
7.895000641416706488e-02
7.800836614944886560e-02
7.710734492673472495e-02
7.624764010584718366e-02
7.542978413670319016e-02
7.465415087723066556e-02
7.392096204128674464e-02
7.323029375538445129e-02
7.258208320352277365e-02
7.197613533991172041e-02
7.141212964989152034e-02
7.088962693987482799e-02
7.040807613769531348e-02
6.996682108532856215e-02
6.956510730656029207e-02
6.920208873282318596e-02
6.887683437109579088e-02
6.858833489846216658e-02
6.833550916866520941e-02
6.811721061674688715e-02
6.793223354865572661e-02
6.777931930350403200e-02
6.765716227698986840e-02
6.756441579533133124e-02
6.749969782991427358e-02
6.746159654371054748e-02
6.744867566138761095e-02
6.745947965588068584e-02
6.749253874506480622e-02
6.754637369299906768e-02
6.761950041105786735e-02
6.771043435507546893e-02
6.781769471543541705e-02
6.793980839781108005e-02
6.807531379301967611e-02
6.822276433518000005e-02
6.838073184805966431e-02
6.854780968016907505e-02
6.872261562979553595e-02
6.890379466176707601e-02
6.909002141831113719e-02
6.928000252689842098e-02
6.947672566304285979e-02
6.968192750612388353e-02
6.988787727514413073e-02
7.009341442450069126e-02
7.029741735495191601e-02
7.049880472065550574e-02
7.069653656253005458e-02
7.088961527354613323e-02
7.107708640179148663e-02
7.125803929734579600e-02
7.143160760917316443e-02
7.159696963837561268e-02
7.176977298430339824e-02
7.193526531565828941e-02
7.209076980010205304e-02
7.223561868642305872e-02
7.236918833391277339e-02
7.252841548350419387e-02
7.267942786868412941e-02
7.283675617352403098e-02
7.298403857609150891e-02
7.311835110411894767e-02
7.323924790850742939e-02
7.334632352372902342e-02
7.343921220418661577e-02
7.351758719026625644e-02
7.358115990987326716e-02
7.363753914287636537e-02
7.369451586962247336e-02
7.373612968253127897e-02
7.376221183592550357e-02
7.377262740112110195e-02
7.376727423523506133e-02
7.374608191835232973e-02
7.370901066361000564e-02
7.365605020457105523e-02
7.358721866407283430e-02
7.350256140854549702e-02
7.341076519605037320e-02
7.331953830226345392e-02
7.321262939902432876e-02
7.309016322902196772e-02
7.295228661903559175e-02
7.279916733175960386e-02
7.263099292348816627e-02
7.244796961026660209e-02
7.225032114493321056e-02
7.203828770731046660e-02
7.181212480962978484e-02
7.158144899932003535e-02
7.135175193629909873e-02
7.110847086522197047e-02
7.085190126345040917e-02
7.058234943245599025e-02
7.030013152298983381e-02
7.000557258454258303e-02
6.969900564009083588e-02
6.938077078700434497e-02
6.905121432486369115e-02
6.871068791082571292e-02
6.835954774306404746e-02
6.801552439356886581e-02
6.766551371619869415e-02
6.730558581734667756e-02
6.693610375638697763e-02
6.655743202206811093e-02
6.616993587479355621e-02
6.577398071769235965e-02
6.536993149637848610e-02
6.495815212723378418e-02
6.453900495398449955e-02
6.411373851309708216e-02
6.369955354729824049e-02
6.344657825203425805e-02
6.321380767241975562e-02
6.297120180494215902e-02
6.271909810119394302e-02
6.245783375030929813e-02
6.219832136104211373e-02
6.193908233649757233e-02
6.167132836831255155e-02
6.139539005028640112e-02
6.111159583904469950e-02
6.082027166048238620e-02
6.052174053861458097e-02
6.022451951285740651e-02
5.993017602071480654e-02
5.962921595263565022e-02
5.932194866154689300e-02
5.900867934862195907e-02
5.868970880423440839e-02
5.836533316824310536e-02
5.803584370909568857e-02
5.771106046084770874e-02
5.738786276490642074e-02
5.706005096128083376e-02
5.672789788138530437e-02
5.639167083532370395e-02
5.605163148078867730e-02
5.571384135339227384e-02
5.538125588978522890e-02
5.504528339202287290e-02
5.470616557742943170e-02
5.436413820521462242e-02
5.402474794871297420e-02
5.369086302267747635e-02
5.335443276086659914e-02
5.301567270927926706e-02
5.268094653571306352e-02
5.235068214433505340e-02
5.201840682837821639e-02
5.168700568825147085e-02
5.136336294754676596e-02
5.103799825174661076e-02
5.071109365848677775e-02
5.038282538525689497e-02
5.006392583833486204e-02
4.974458825588184280e-02
4.942412079341483577e-02
4.910268106950284317e-02
4.878042111802054215e-02
4.845748744693845200e-02
4.813874922478542095e-02
4.782505032185412064e-02
4.751084792838670273e-02
4.719627147309785054e-02
4.688144522109415763e-02
4.656648835479108156e-02
4.625151505833290794e-02
4.593663460519985947e-02
4.562195144870220820e-02
4.530756531506560658e-02
4.499418274563560249e-02
4.468926243703848222e-02
4.438471257379526108e-02
4.408061902534431142e-02
4.377706339151961334e-02
4.347412310304125949e-02
4.317187152304792497e-02
4.348993525576739377e-02
4.383800021092871396e-02
4.415005418370691881e-02
4.440878964848665733e-02
4.462238526544776845e-02
4.478891653496012287e-02
4.490563632249804787e-02
4.498830588002099978e-02
4.504037960240679650e-02
4.505559804626630555e-02
4.503458899083999378e-02
4.496925134828307774e-02
4.486644357636174890e-02
4.473114542847961977e-02
4.456653552642445698e-02
4.436861162361929040e-02
4.413250486528441652e-02
4.386353531030511704e-02
4.357399201416059520e-02
4.327113617705314469e-02
4.294352731854832878e-02
4.258971241696564436e-02
4.220735539658627272e-02
4.179661417248976829e-02
4.136925905436775186e-02
4.092738203273265513e-02
4.084030847717507601e-02
4.075725823353729821e-02
4.066644716890589761e-02
4.056492731586096301e-02
4.045613182365561528e-02
4.034851069739634616e-02
4.023065972478851587e-02
4.010279109539937464e-02
3.997759525261852798e-02
3.984451395516092065e-02
3.971190957388377740e-02
3.958377120847175745e-02
3.945997540825881000e-02
3.933157807706184200e-02
3.920725746284230845e-02
3.907470329415053262e-02
3.894567655258859840e-02
3.884068826597648211e-02
3.880802302289687589e-02
3.877006290559956159e-02
3.873171873325102765e-02
3.869309979147632361e-02
3.864936960981768532e-02
3.860061874175760993e-02
3.855264763236439934e-02
3.850351849441056157e-02
3.844953300785045741e-02
3.839652827580732064e-02
3.834230337647986930e-02
3.829080024076898098e-02
3.823635257883671590e-02
3.818473021233208253e-02
3.813007805983129050e-02
3.807084586303588480e-02
3.800710782327227505e-02
3.794638026599111286e-02
3.788262901035378827e-02
3.781449685837617175e-02
3.774205343384991890e-02
3.766536734357840005e-02
3.758450620882584220e-02
3.750499015379984286e-02
3.742443450966473351e-02
3.733981091183512929e-02
3.725118330335219080e-02
3.715861481117089388e-02
3.706216777516121302e-02
3.696190377667491617e-02
3.686219198261623392e-02
3.676254820463249751e-02
3.665917832366284712e-02
3.655214116768209370e-02
3.644149495267265393e-02
3.632729730721176442e-02
3.620960529639982023e-02
3.609327159199574725e-02
3.597644310255668221e-02
3.585619940095278319e-02
3.573259556749067839e-02
3.560568623789324427e-02
3.547789169704199802e-02
3.535196284043523596e-02
3.526589680290053569e-02
3.520858779488841850e-02
3.514950417164078300e-02
3.509194309421122954e-02
3.543264520244870236e-02
3.580904312401920336e-02
3.618184870811685244e-02
3.656604581079291039e-02
3.695633378951750786e-02
3.734211196510568015e-02
3.772192811087152903e-02
3.811179825157830908e-02
3.850867469891003370e-02
3.890100392772863347e-02
3.927808954074558934e-02
3.964871311700279843e-02
4.000264322195534045e-02
4.034654862399481706e-02
4.067425224342182538e-02
4.099105300607402275e-02
4.129031891657197056e-02
4.158327250971133315e-02
4.188830193916704553e-02
4.217466900184721479e-02
4.245130767938960770e-02
4.270420047223601190e-02
4.293839815875671873e-02
4.315601050353151669e-02
4.334767773134230034e-02
4.352785159106511981e-02
4.368192745994436271e-02
4.382210436979237789e-02
