3.252867566095997143e-01
3.305873088369618573e-01
3.352177533323504877e-01
3.687873536821150711e-01
4.244340781963766296e-01
4.045981244715379788e-01
5.994353445681639414e-01
5.526695110292947355e-01
5.894207855028510412e-01
7.392086634513254095e-01
8.973762827161224642e-01
8.419442561380485746e-01
8.928986187867070656e-01
1.030074864096770737e+00
9.998841596481677918e-01
9.265745933868723139e-01
9.342783701685848374e-01
8.354132768540348808e-01
8.489475437104720967e-01
1.173932844179439439e+00
1.327668635202770231e+00
1.208185159196612402e+00
1.013761624580064025e+00
7.605902512825697404e-01
6.472585477397602149e-01
6.981373976094639167e-01
7.498614009348260057e-01
8.594286407037120545e-01
9.976799702875884801e-01
1.086120107616129538e+00
1.078299309924403593e+00
9.654931338445023048e-01
7.922282040829508043e-01
6.214876274712041182e-01
5.121811268721397914e-01
4.791347351031319257e-01
4.825222192775338592e-01
4.800663855786136969e-01
4.583148266650797775e-01
4.241672727031547963e-01
3.894512468166423935e-01
3.621342031519371729e-01
3.932394831321442408e-01
4.188316533856029644e-01
4.468750356135590129e-01
4.811383398191506067e-01
5.197518063550712331e-01
5.583453750274379734e-01
5.920337150173591301e-01
6.170621511641365409e-01
6.306727504378679683e-01
6.314539981048482575e-01
6.198424482745131803e-01
6.114419976217116970e-01
5.970029470421875928e-01
5.732291433928622393e-01
5.427587742493140688e-01
5.083951747693929990e-01
4.718240815274655775e-01
4.358426976080168047e-01
4.023158587573301137e-01
3.731628845362220392e-01
3.497830250863489532e-01
3.335062134853564730e-01
3.362297903088868889e-01
3.421479007243765635e-01
3.475708709771977989e-01
3.526021701312147538e-01
3.574071021301368223e-01
3.619615610911567916e-01
3.858934895471879400e-01
4.094346348482796882e-01
4.244622515323444034e-01
4.299520873195380455e-01
4.254841569441448756e-01
4.115224028194033878e-01
3.893357681049128272e-01
3.778340171496072930e-01
3.767585796902210848e-01
3.751515807808709635e-01
3.730841411548033726e-01
3.706067172849480396e-01
3.677445588258131393e-01
3.645101170956934755e-01
3.610476833499280946e-01
3.574871864065197746e-01
3.538350605299721563e-01
3.503286013689603795e-01
3.469325158587721059e-01
3.438136555232019775e-01
3.409945652874127875e-01
3.385040662612155415e-01
3.364410899673816457e-01
3.346906940657259355e-01
3.334202479872294123e-01
3.324278228417903991e-01
3.318240071710827355e-01
3.314519168585368103e-01
3.313536120278667840e-01
3.313864756857065608e-01
3.316060046948581808e-01
3.318618284017514908e-01
3.321538847855481924e-01
3.324834883364669036e-01
3.327813287461845460e-01
3.330385608695690669e-01
3.332590296095714333e-01
3.361596718539723860e-01
3.377878392084829318e-01
3.377634214311587280e-01
3.360786115028791543e-01
3.347783371832007693e-01
3.358719430558502195e-01
3.419549693010316416e-01
3.453535054806621818e-01
3.460869432439847571e-01
3.443640501792806230e-01
3.402826715674170388e-01
3.380480251881284315e-01
3.383745169388863161e-01
3.386253599694638572e-01
3.387961507251300297e-01
3.388727667471194138e-01
3.388626618631306320e-01
3.387736496628124816e-01
3.386120631888464572e-01
3.383819535923404120e-01
3.380852020249051071e-01
3.377220880115106016e-01
3.372915681295658996e-01
3.367909887455052820e-01
3.362157389833589916e-01
3.355590776213654425e-01
3.348115745599615778e-01
3.339595415795409972e-01
3.329835291427659105e-01
3.319293346806360678e-01
3.307505583696067619e-01
3.294223865324732992e-01
3.280298201646253964e-01
3.264765074691887148e-01
3.248449037016664098e-01
3.231148043730475150e-01
3.213003582937778435e-01
3.194444962755626505e-01
3.175658013496527321e-01
3.156612701026955681e-01
3.137245168771296555e-01
3.117575170810562013e-01
3.097683240478446010e-01
3.077644580095985072e-01
3.057663144203596750e-01
3.061311026101396493e-01
3.066123913580521831e-01
3.068339371154111261e-01
3.068287490340600998e-01
3.065919626565162259e-01
3.061245743566244903e-01
3.054376604533604600e-01
3.045429794453053396e-01
3.034874572984211372e-01
3.022738994950998626e-01
3.009371306246855782e-01
2.995261893601046665e-01
2.980952923842996594e-01
2.966979348450879406e-01
2.953626777183943619e-01
2.941268979006163575e-01
2.929466084528428715e-01
2.917733497286457145e-01
2.905589772236764623e-01
2.892850133315995054e-01
2.879147737934574791e-01
2.864596382662780716e-01
2.848846415653437658e-01
2.831896610030826267e-01
2.813788438348188703e-01
2.794606225441454983e-01
2.774458209942752829e-01
2.753448286974798931e-01
2.738906648846017311e-01
2.744595163459686016e-01
2.748170234982799665e-01
2.749731560649339435e-01
2.749459300063156753e-01
2.747581195471465731e-01
2.744471369932899862e-01
2.740946864858582188e-01
2.737306589866423945e-01
2.733117544779308794e-01
2.728059226655227820e-01
2.721826865630825876e-01
2.714250785476579053e-01
2.705212340183206221e-01
2.694483834407692679e-01
2.682134068188257725e-01
2.668267701729290509e-01
2.652735102696086034e-01
2.636010918281617710e-01
2.617925552570967151e-01
2.598671373063941026e-01
2.578506504629678453e-01
2.557548915218954555e-01
2.535933435728450203e-01
2.513889106377215632e-01
2.491724576696374427e-01
2.469532934343229291e-01
2.447855223985456463e-01
2.426849233067239209e-01
2.406463301908846053e-01
2.386342407503106167e-01
2.366294831980232383e-01
2.345999749494032949e-01
2.325298630486188345e-01
2.304044473219093447e-01
2.282112679474186945e-01
2.259645618685610369e-01
2.239385971500155448e-01
2.231428993843130038e-01
2.223284959371043534e-01
2.214984874513592217e-01
2.206467767626996423e-01
2.197638559118322565e-01
2.188436659477647483e-01
2.178948950248460470e-01
2.169056380853223442e-01
2.158776361818988410e-01
2.148145825836821898e-01
2.137264166162683998e-01
2.126034814653885996e-01
2.114455521879914646e-01
2.102523052705531914e-01
2.090237750129502747e-01
2.077603113183724426e-01
2.064622442968440941e-01
2.051297232975038409e-01
2.037628061937033497e-01
2.023616386342947937e-01
2.009272268936598271e-01
1.994704514790553718e-01
1.979823910566696488e-01
1.964639054435238230e-01
1.949160925218391405e-01
1.933479992856277641e-01
1.917603705393327029e-01
1.901480336449923592e-01
1.885129103554951946e-01
1.868670104350074745e-01
1.852064964072282216e-01
1.835296378390680327e-01
1.818395588934601514e-01
1.801454434836703145e-01
1.784467206994116706e-01
1.767438361004867453e-01
1.750411366992982165e-01
1.733427063837412185e-01
1.716520644633392489e-01
1.699732115010837985e-01
1.683146426257360051e-01
1.666721640230149348e-01
1.650551063357545145e-01
1.634571658724577048e-01
1.618847368844982815e-01
1.603293576476727822e-01
1.587888488637530238e-01
1.572640173908003980e-01
1.557482846487134309e-01
1.542399455583212953e-01
1.527408693226539327e-01
1.512464306942123971e-01
1.497542105580914329e-01
1.482655392767531222e-01
1.467858039620840438e-01
1.453048110440570972e-01
1.438326897981939134e-01
1.423632073798188069e-01
1.408985623498574258e-01
1.394411974291547007e-01
1.379870222205257790e-01
1.365427661513160529e-01
1.351017077587068904e-01
1.336721170597340025e-01
1.322464941994769827e-01
1.308336188110186815e-01
1.294254405720751677e-01
1.280315222861135027e-01
1.266425085258420791e-01
1.252697203001153503e-01
1.239018665108905515e-01
1.225516517530558513e-01
1.212084485636168441e-01
1.198801980377719734e-01
1.185628666652262936e-01
1.172574788991730815e-01
1.159665298502352559e-01
1.146847136053681659e-01
1.134199408956699656e-01
1.121624352606283431e-01
1.109228896807453180e-01
1.096900049691336698e-01
1.084748278515494241e-01
1.072663946025487619e-01
1.060752537646975080e-01
1.048917275105202829e-01
1.037240303885541559e-01
1.025654433422767409e-01
1.014215360685766509e-01
1.002878195754514368e-01
9.916847990550844982e-02
9.805947328934272456e-02
9.696558142473672703e-02
9.588152710198209749e-02
9.481338131906183464e-02
9.375652717360931365e-02
9.271215764412436833e-02
9.168285263563376308e-02
9.066574138293938268e-02
8.966114200127860145e-02
8.867063504230485171e-02
8.769347774182591204e-02
8.672859386986628283e-02
8.577578750987296941e-02
8.483605681974691615e-02
8.390887869379333452e-02
8.299249771453071078e-02
8.208715399095212195e-02
8.119404751879046034e-02
8.030964201368204214e-02
7.943717905613424668e-02
7.857302230252433128e-02
7.771962986626564096e-02
7.687395034092110724e-02
7.603913913526848256e-02
7.521057168058352393e-02
7.439369438075246754e-02
7.358307812685786764e-02
7.278174027580695815e-02
7.198858423170849397e-02
7.120222985219054612e-02
7.077539679541874906e-02
7.036154283749337934e-02
6.995173321611289352e-02
6.954592444429254228e-02
6.914545151375389720e-02
6.875036623770953981e-02
6.835907881152272769e-02
6.797154345366754336e-02
6.758771356916300210e-02
6.720754185550890936e-02
6.683098040317296540e-02
6.645988289458706899e-02
6.609296099296028959e-02
6.572944768959533557e-02
6.536929505103046545e-02
6.501245491446236424e-02
6.465887896093498732e-02
6.430851878429358348e-02
6.396132595607524618e-02
6.361926509875044655e-02
6.328055331930430849e-02
6.294481821632404162e-02
6.261201301151952947e-02
6.228209113473467257e-02
6.195500626890216439e-02
6.163071239193491924e-02
6.130916381567606127e-02
6.099035206675865878e-02
6.067623869547364435e-02
6.036469715358187133e-02
6.005568433338689949e-02
5.974915758662582843e-02
5.944507474936230884e-02
5.914339416472561700e-02
5.884407470360712017e-02
5.854707578340004326e-02
5.825235738488993703e-02
5.796057666531763408e-02
5.767214803371964460e-02
5.738585141224794572e-02
5.710164984074638655e-02
5.681950696117810118e-02
5.653938702594542981e-02
5.626125490491155207e-02
5.598507609118869716e-02
5.571081670576658040e-02
5.543844350104514679e-02
5.516810095899037786e-02
5.490106440378453995e-02
5.463579099467802402e-02
5.437225052889485544e-02
5.411041342362322981e-02
5.385025071474242725e-02
5.359173405483033670e-02
5.333483571049082300e-02
5.307952855905436612e-02
5.282578608468636860e-02
5.257358237395298034e-02
5.232344070465148878e-02
5.207572484687676001e-02
5.182945044389526690e-02
5.158459431559975911e-02
5.134113384522029366e-02
5.109904697274010588e-02
5.085831218799535119e-02
5.061890852348220615e-02
5.038081554690143626e-02
5.014401335346535538e-02
4.990848255799276018e-02
4.967453494719822893e-02
4.944282875160437712e-02
4.921231863382428962e-02
4.898298749852800921e-02
4.875481872123426513e-02
4.852779613981824530e-02
4.830190404593199399e-02
4.807712717635985455e-02
4.785345070432093367e-02
4.763086023073335312e-02
4.740934177545331335e-02
4.718888176850344340e-02
4.697043301572839669e-02
4.675324252936249175e-02
4.653705445419802078e-02
4.632185700670997386e-02
4.610763876535182992e-02
4.589438866208753187e-02
4.568209597397471233e-02
4.547075031480524165e-02
4.526034162680941247e-02
4.505086017243334351e-02
4.484229652619172585e-02
4.463473890022768426e-02
4.442906324906289312e-02
4.422426301489633393e-02
4.402033013747468082e-02
4.381725682599192651e-02
4.361503555160797102e-02
4.341365904006978804e-02
4.321312026443713261e-02
4.301341243791879931e-02
4.281452900681992357e-02
4.261646364360128364e-02
4.241921024005392699e-02
4.222293228789360947e-02
4.202824859111326666e-02
4.183434556743208244e-02
4.164121808849152034e-02
4.144886121058525413e-02
4.125727016860965962e-02
4.106644037013625070e-02
4.087636738959905119e-02
4.068704696260583287e-02
4.049847498036324156e-02
4.031064748422587274e-02
4.012356066035966534e-02
3.993727655924533826e-02
3.975251878941437472e-02
3.956847832876429077e-02
3.938515203966459766e-02
3.920253690260330076e-02
3.902063001158649624e-02
3.883942856965399981e-02
3.865892988450009282e-02
3.847913136420927360e-02
3.830003051309528728e-02
3.812162492765112237e-02
3.794391229260211246e-02
3.776689037706450897e-02
3.759113139775844409e-02
3.741623718497075896e-02
3.724201617447026047e-02
3.706846656718815192e-02
3.689558662933730554e-02
3.672337468919108228e-02
3.655182913395448041e-02
3.638094840672689845e-02
3.621073100355527707e-02
3.604117547057543447e-02
3.587228040124089412e-02
3.570404443363577734e-02
3.553654146063243979e-02
3.537028840118051909e-02
3.520468047984279258e-02
3.503971660570438795e-02
3.487539571906082825e-02
3.471171678922583409e-02
3.454867881241327487e-02
3.438628080968968159e-02
3.422452182500005519e-02
3.406340092325990665e-02
3.390291718851713015e-02
3.374306972217717276e-02
3.358385764129528245e-02
3.342528062406021488e-02
3.326792095748531269e-02
3.311118515989973365e-02
3.295507250040591307e-02
3.279958225506339475e-02
3.264471370554786200e-02
3.249046613786269605e-02
3.233683884110531009e-02
3.218383110628287441e-02
3.203144222517920886e-02
3.187967148927006722e-02
3.172851818868643176e-02
3.157798161122257752e-02
3.142806104139116152e-02
3.127887468458537268e-02
3.113068612806234314e-02
3.098310361036960003e-02
3.083612648755373539e-02
3.068975410733531736e-02
3.054398580841703389e-02
3.039882091982679807e-02
3.025425876029809447e-02
3.011029863768332690e-02
2.996693984840230474e-02
2.982418167692111113e-02
2.968202339526494760e-02
2.954046426255901164e-02
2.939950352460115116e-02
2.925914041346137917e-02
2.911966498802056463e-02
2.898091925448783440e-02
2.884276206987379174e-02
2.870519268942577779e-02
2.856821035221929553e-02
2.843181428091951998e-02
2.829600368156402063e-02
2.816077774336835093e-02
2.802613563855212153e-02
2.789207652218549105e-02
2.775859953205571731e-02
2.762570378855126740e-02
2.749338839456603317e-02
2.736348514901352710e-02
2.724561878511936805e-02
2.712812776388956806e-02
2.702656687254485421e-02
2.693265029506934291e-02
2.683879461481268255e-02
2.674536020483272644e-02
2.665223339430785460e-02
2.655917399635718615e-02
2.646618675276646640e-02
2.637327633012845687e-02
2.628044732037896486e-02
2.618770424134040514e-02
2.609505153727140203e-02
2.600249357942366682e-02
2.591003466660416615e-02
2.581767902574462481e-02
2.572543081247390465e-02
2.563329411169865471e-02
2.554127293818531444e-02
2.544937123715045393e-02
2.535759288485141261e-02
2.526608795275725114e-02
2.517507727797168790e-02
2.508419433205586260e-02
2.499344279532293364e-02
2.490282628146641558e-02
2.481234833817538843e-02
2.472201244775286758e-02
2.463182202773609233e-02
2.454178043151841737e-02
2.445189094897257109e-02
2.436215680707556897e-02
2.427258117053331110e-02
2.418316714240818788e-02
2.409391776474515898e-02
2.400483601919907103e-02
2.391592482766181568e-02
2.382718705289037925e-02
2.373862549913290793e-02
2.365024291275610521e-02
2.356204198287016258e-02
2.347434961482162963e-02
2.338693865440589006e-02
2.329971141751377775e-02
2.321267043281979164e-02
2.312581817426052205e-02
2.303915706165730881e-02
2.295268946133657839e-02
2.286641768675022265e-02
2.278034399909255672e-02
2.269447060791454987e-02
2.260879967173742844e-02
2.252333329866245543e-02
2.243807354697898576e-02
2.235302242576896886e-02
2.226818189551015709e-02
2.218355386867423840e-02
2.209914021032466022e-02
2.201494273870877039e-02
2.193096322584889638e-02
2.184720339812847370e-02
2.176366493687642914e-02
2.168034947894674144e-02
