2.149993703238539944e-01
2.156896203192424366e-01
2.156268501111677227e-01
2.170125577881371337e-01
2.292750673811971285e-01
2.257839164620312755e-01
2.437068943105835106e-01
2.445241063937889092e-01
2.547686675879173301e-01
2.692004140112401744e-01
2.674935098056094307e-01
3.075612050365960082e-01
2.935893500058949224e-01
3.111053527053291301e-01
3.282612999916022511e-01
3.559700889305846272e-01
3.307170550813887111e-01
4.261567622923102538e-01
4.289614078156157029e-01
3.587747632499196371e-01
3.376751108823698999e-01
3.555562725644060285e-01
3.208706317860723911e-01
3.504037523206009475e-01
3.978680641605397694e-01
4.577930260809232599e-01
4.627058250143937790e-01
4.704334796873564928e-01
4.610777181042219897e-01
4.583856132349548584e-01
4.942054044756173381e-01
5.430919341851158100e-01
5.898190654904975627e-01
6.344665707111365460e-01
6.649463462887225118e-01
6.870768322107790871e-01
7.134840435892699784e-01
7.379092366596035069e-01
7.459812408833823572e-01
7.274057216765186240e-01
6.868548508006293574e-01
6.291885884799610640e-01
5.595642806364571342e-01
5.185437383116259236e-01
5.268109083538572435e-01
5.226306681914278940e-01
5.038326804784460933e-01
4.739160387885833492e-01
4.395522779466006780e-01
4.544322627770699952e-01
4.879474274155833347e-01
5.127467677240459265e-01
5.304448164917263675e-01
5.421245476052533041e-01
5.487214548460738195e-01
5.511253873731236652e-01
5.506626618345429325e-01
5.481378776271998987e-01
5.438267229956497140e-01
5.372908978128918545e-01
5.283723299819170771e-01
5.170541566581625670e-01
5.038508564194079664e-01
4.893437024878876107e-01
4.739962702867034361e-01
4.579993665511721823e-01
4.412993502104632371e-01
4.242054792845625366e-01
4.065877851995702841e-01
3.896070753949247845e-01
3.741048674953972308e-01
3.611580946239754675e-01
3.512318220967824978e-01
3.440236704647769983e-01
3.387661641428106329e-01
3.342620945283041878e-01
3.294775416585745687e-01
3.240530211310934106e-01
3.174613427955441103e-01
3.097630829764022597e-01
3.011408436499166674e-01
3.002316535048535351e-01
3.035665520610170698e-01
3.065423222260067471e-01
3.089016569969307291e-01
3.108540613782275197e-01
3.122798550758196234e-01
3.132004359406128646e-01
3.138679310965545866e-01
3.141666752735335910e-01
3.141551633048400016e-01
3.139311497208808754e-01
3.134697560078446021e-01
3.126814840178932520e-01
3.115244324018909827e-01
3.099529501507765072e-01
3.079279106774152064e-01
3.054547059675612464e-01
3.024964160233093446e-01
2.990536386033409433e-01
2.951529521195466743e-01
2.908315584587329305e-01
2.861331771400003054e-01
2.811044997484041241e-01
2.757924465138984482e-01
2.702424052402448984e-01
2.644975100968326442e-01
2.585987683909122259e-01
2.525855588635402271e-01
2.465168079896326858e-01
2.404231507492335107e-01
2.343220109545565422e-01
2.282470358008366618e-01
2.222304230338782993e-01
2.163023795051061682e-01
2.104906212891795303e-01
2.048199608562918383e-01
1.993118807091595890e-01
1.939840484287178590e-01
1.888499392371836838e-01
1.839188304508517502e-01
1.822007344083150515e-01
1.805463462400215269e-01
1.789225190338282756e-01
1.773408176633606836e-01
1.757791152770099008e-01
1.742852620583379419e-01
1.728379788160477881e-01
1.714312235010346797e-01
1.700961189717609123e-01
1.688258202574214606e-01
1.676067204661201571e-01
1.664413790170141405e-01
1.653638205889551016e-01
1.643416295315722475e-01
1.633728676922294454e-01
1.624564135809517251e-01
1.616141197797223983e-01
1.608241285932909270e-01
1.600774472561334594e-01
1.593704055321476243e-01
1.587094295849191816e-01
1.580961849235411887e-01
1.575089991810873780e-01
1.569433867722814513e-01
1.601234555275949101e-01
1.640823137026583278e-01
1.670062635469803658e-01
1.688285223887283359e-01
1.695406195979609620e-01
1.691275718879426126e-01
1.676246888441955407e-01
1.650974725825423983e-01
1.615985916924744803e-01
1.572501323813926266e-01
1.521342312354249104e-01
1.510543941167372395e-01
1.505665778609489025e-01
1.500802938194256975e-01
1.496063583425688848e-01
1.491292073153864528e-01
1.486508320507515246e-01
1.481733774126193781e-01
1.477199160505127395e-01
1.472724831368395493e-01
1.468319686427917992e-01
1.464005289335189863e-01
1.459872873817069372e-01
1.463996232280053156e-01
1.470723500275849249e-01
1.475536825240933991e-01
1.478627796874276701e-01
1.480538734923365074e-01
1.481855103458382672e-01
1.483148076641420121e-01
1.485075108175408221e-01
1.488465604172745094e-01
1.493977817825823118e-01
1.501868429986449871e-01
1.511599581567792394e-01
1.522497116752436208e-01
1.534278421736532116e-01
1.546807527968191154e-01
1.566451807384440786e-01
1.617852663509071198e-01
1.666768128011202055e-01
1.713090534018702482e-01
1.756884416780147840e-01
1.798174272940731844e-01
1.837001662705216032e-01
1.873491084390039307e-01
1.907778718634573489e-01
1.940088729432202230e-01
1.970418646587583922e-01
1.998973480857138274e-01
2.025683950609600548e-01
2.050653000121090974e-01
2.073705165740943879e-01
2.094907174206253886e-01
2.114082073583843924e-01
2.131178815608516797e-01
2.146274096348230187e-01
2.159282300159464929e-01
2.170302846027111210e-01
2.179524378493966907e-01
2.186928721894975114e-01
2.192757830271154507e-01
2.196966167931973246e-01
2.199726764722084726e-01
2.201114029594334887e-01
2.201142638060956946e-01
2.199917074643223669e-01
2.197341590023092206e-01
2.193393665877268195e-01
2.187926512115258848e-01
2.180954979169000552e-01
2.172456048421101960e-01
2.162457320195441401e-01
2.151051559518667999e-01
2.138344677730239229e-01
2.124447801875643527e-01
2.109528535156822981e-01
2.093709345275390765e-01
2.077050676721097777e-01
2.059606934561643010e-01
2.041425008379511852e-01
2.022381297428373359e-01
2.002448826956937655e-01
1.981571624420224997e-01
1.959674812435728553e-01
1.936860188743761146e-01
1.913073236187108062e-01
1.888349814390129500e-01
1.862748132290085179e-01
1.836327601697994583e-01
1.809153394305333673e-01
1.781297932814992491e-01
1.752836547660321098e-01
1.723920379475590292e-01
1.694569288784187888e-01
1.664839569527497842e-01
1.634913913176269107e-01
1.604753773781790183e-01
1.574528222324632354e-01
1.544217743151065358e-01
1.513973502477281574e-01
1.483817152949527263e-01
1.453806932396722318e-01
1.424015674334984105e-01
1.394510649676049263e-01
1.365353762659855252e-01
1.336601870602454611e-01
1.308307217938458056e-01
1.280517837012770110e-01
1.253348651193001984e-01
1.226789391660451783e-01
1.200940229681646682e-01
1.175812631869375957e-01
1.151523626233389025e-01
1.128084308884686054e-01
1.105552117349173635e-01
1.083982778055684881e-01
1.063425794696954002e-01
1.043924728659358370e-01
1.030508817382715658e-01
1.021500287678218238e-01
1.012409494527287124e-01
1.003330416959459376e-01
9.943491704988513535e-02
9.855240222470620925e-02
9.769320822648681901e-02
9.686924021415196928e-02
9.608274549784927288e-02
9.534502528332729210e-02
9.466185797793183476e-02
9.403898675181715516e-02
9.348343709844139648e-02
9.300151827810100580e-02
9.259882489952915574e-02
9.228024099202448982e-02
9.204994648083880682e-02
9.191142598415719123e-02
9.186747985243912118e-02
9.196441515652044318e-02
9.263055862070805613e-02
9.338985545379108189e-02
9.423550406063807561e-02
9.516124415274289372e-02
9.616207294694005536e-02
9.722823320292059424e-02
9.835525778083414883e-02
9.953572533538684874e-02
1.007644813598174982e-01
1.020332716526065747e-01
1.033383012165267484e-01
1.046739295608079684e-01
1.060336049404939224e-01
1.074123886545355205e-01
1.088054057802740199e-01
1.102078565434473217e-01
1.116159455100635828e-01
1.130266945584450927e-01
1.144338908702807467e-01
1.158338942040666592e-01
1.172267890775621491e-01
1.186042214346055140e-01
1.199692724634323082e-01
1.213139167544316915e-01
1.226384440255223474e-01
1.239408268699258436e-01
1.252171133574007666e-01
1.264658271112171772e-01
1.276864079205124736e-01
1.288774497413049391e-01
1.300364096763907407e-01
1.312440492934214553e-01
1.328211237439815284e-01
1.343719671142173944e-01
1.358954404988249320e-01
1.373881409781203822e-01
1.388467722020610418e-01
1.402687400407506002e-01
1.416529237172504951e-01
1.429993265284499881e-01
1.443026217964716584e-01
1.455631173731154748e-01
1.467808452123094409e-01
1.479509963684201013e-01
1.490784629336260603e-01
1.501565551351494165e-01
1.511900762267880116e-01
1.521753067731560216e-01
1.531121290979405580e-01
1.540047654481588313e-01
1.548500061637227698e-01
1.556490555617614235e-01
1.564030235443214512e-01
1.571128088021244429e-01
1.577789438048527171e-01
1.584015907762082453e-01
1.589808593309462170e-01
1.595171059694128202e-01
1.600108790716608664e-01
1.604628049878133733e-01
1.608735668390595674e-01
1.612440264424542247e-01
1.615752324831764841e-01
1.618682479819887055e-01
1.621240585117745270e-01
1.623461618136383677e-01
1.625330600957855254e-01
1.626848061557432945e-01
1.628022737074383552e-01
1.628883343269643680e-01
1.629408294133850854e-01
1.629602997946259513e-01
1.629494033637848283e-01
1.629077871633245467e-01
1.628350915876136396e-01
1.627340237650418964e-01
1.626062588401709919e-01
1.624506067770148665e-01
1.622713456528095677e-01
1.620664076383090124e-01
1.618364918001497232e-01
1.615834651599756810e-01
1.613046901631297325e-01
1.610009763114325643e-01
1.606743594837683198e-01
1.603230420755458185e-01
1.599480464210371322e-01
1.595532501730023978e-01
1.591384625244195716e-01
1.587051192391579213e-01
1.582570028521005923e-01
1.577930531977766171e-01
1.573175290196974774e-01
1.568312049292887311e-01
1.563358544867839706e-01
1.558342265045343511e-01
1.553273272928756554e-01
1.548135661172787836e-01
1.542909650777441188e-01
1.537596936826833294e-01
1.532148512816590702e-01
1.526547280381328753e-01
1.520781669081865684e-01
1.514842006134275998e-01
1.508720477723034248e-01
1.502411716900666216e-01
1.495911936449182966e-01
1.489218065697144877e-01
1.482352660455394655e-01
1.475301992161336118e-01
1.468056882378150907e-01
1.460656660847384491e-01
1.453070651881760711e-01
1.445324206283004065e-01
1.437412528498657194e-01
1.429349019055458636e-01
1.421129797714597021e-01
1.412778818457533503e-01
1.404272536437837504e-01
1.395661649241763946e-01
1.386913248312789670e-01
1.378042359769531267e-01
1.369078049119303309e-01
1.359999484954557414e-01
1.350815556880561596e-01
1.341554247154608526e-01
1.332210523049407180e-01
1.322785302231706539e-01
1.313287207186503436e-01
1.303726824201944801e-01
1.294127668812039278e-01
1.284479904263328975e-01
1.274791872904173784e-01
1.265071721624658474e-01
1.255327384067495833e-01
1.245570677360967882e-01
1.235814715364559058e-01
1.226056026467004928e-01
1.216301624085358718e-01
1.206558239101203217e-01
1.196832298287760082e-01
1.187129891423786832e-01
1.177456750468837410e-01
1.167821492675698569e-01
1.158228105239224037e-01
1.148677518585999868e-01
1.139174178692433370e-01
1.129722325039551889e-01
1.120326021402658079e-01
1.110989191214074301e-01
1.101715657332822534e-01
1.092509176977463081e-01
1.083373821831085937e-01
1.074318653041157756e-01
1.065342201080136803e-01
1.056448061207324179e-01
1.047639891639576132e-01
1.038921363776513507e-01
1.030296079964195810e-01
1.021767489880133217e-01
1.013338850440772820e-01
1.005013248931272835e-01
9.967936527745993591e-02
9.886875220972303480e-02
9.806934892457688790e-02
9.728131028665248925e-02
9.650488336891056840e-02
9.574029615199010357e-02
9.498775267891623741e-02
9.424743122184511823e-02
9.351948679153218591e-02
9.280405625538339087e-02
9.210126186640117674e-02
9.141120960424781172e-02
9.073398396585936887e-02
9.006964414708208688e-02
8.941822334556363827e-02
8.877973023869181746e-02
8.815436667844106511e-02
8.754193717421901444e-02
8.694238227667441810e-02
8.635564979947155106e-02
8.578167886114912433e-02
8.522040605475271480e-02
8.467177094186763286e-02
8.413571661341935626e-02
8.361218522112628948e-02
8.310115579037483102e-02
8.260284756343515278e-02
8.211683748744896816e-02
8.164304696167934416e-02
8.118139545188197970e-02
8.073179894119179856e-02
8.029416734119067256e-02
7.986840239955708687e-02
7.945439705348836257e-02
7.905203693256550312e-02
7.866137386000533749e-02
7.828212298561115778e-02
7.791412213489504190e-02
7.755723622763470437e-02
7.721131973271314064e-02
7.687621577793211924e-02
7.655175797582261521e-02
7.623777210098980905e-02
7.593407597917516128e-02
7.564047968603695993e-02
7.535678859409225550e-02
7.508280735829109265e-02
7.481834470330871179e-02
7.456344043963154811e-02
7.431767572827571722e-02
7.408085955746594731e-02
7.385280170064749405e-02
7.363331291968883141e-02
7.342220644409187813e-02
7.321929990352629702e-02
7.302441593861193347e-02
7.283738045475300626e-02
7.265809588979146860e-02
7.248639903780547400e-02
7.232200904178119616e-02
7.216474962913341229e-02
7.201444443172312637e-02
7.187091813418104713e-02
7.173399730854139456e-02
7.160351056590368024e-02
7.147928823223391459e-02
7.136116165529490796e-02
7.124896215304693525e-02
7.114252091565234637e-02
7.104167066861616364e-02
7.094624747950654953e-02
7.085609169276732566e-02
7.077104810789751344e-02
7.069096542165480279e-02
7.061569486361107817e-02
7.054508840939920089e-02
7.047916085188435376e-02
7.041769966398618574e-02
7.036049065655057555e-02
7.030739433164635843e-02
7.025827236645418306e-02
7.021298367249546868e-02
7.017176227693507073e-02
7.013410358800950539e-02
7.009983709836475896e-02
7.006881648709809007e-02
7.004118627666747199e-02
7.001671256856534242e-02
6.999509064720699225e-02
6.997618599518272420e-02
6.996035560383154217e-02
6.994703851662537053e-02
6.993607462983586487e-02
6.992780989784358470e-02
6.992187253974925520e-02
6.991815916795623975e-02
6.991704393739479884e-02
6.991800467330919200e-02
6.992152943261095710e-02
6.992727873818552209e-02
6.993527110352806830e-02
6.994593071853985600e-02
6.995886830663783362e-02
6.997405419624377898e-02
6.999142033830930976e-02
7.001113270958887747e-02
7.003282509367050879e-02
7.005616567686406837e-02
7.008103320272679460e-02
7.010712948150027435e-02
7.013398235853243734e-02
7.016113388375755378e-02
7.018885190460738555e-02
7.021639358527785590e-02
7.024359244995066753e-02
7.027028621181109769e-02
7.029631546765145733e-02
7.032152295483871940e-02
7.034575429934036839e-02
7.036886118741063345e-02
7.039070556457507899e-02
7.041116197600412463e-02
7.043011675342768230e-02
7.044746562308749904e-02
7.046311227110980957e-02
7.047696821970493575e-02
7.048895285474987560e-02
7.049899367587439403e-02
7.050702653970312983e-02
7.051299455811127492e-02
7.051684590711343459e-02
7.051853168108623837e-02
7.051800482167168427e-02
7.051522016853367658e-02
7.051013428914183756e-02
7.050270487455803647e-02
7.049289036508414596e-02
7.048065045117424265e-02
7.046594778865020170e-02
7.044875003649656020e-02
7.042908436600117672e-02
7.040686021499621694e-02
7.038205461286436981e-02
7.035465218889236372e-02
7.032464044330216657e-02
7.029200913644235993e-02
7.025681767603930705e-02
7.021901966300959919e-02
7.017859284107916262e-02
7.013552610988765812e-02
7.008981126650674909e-02
7.004144330060116386e-02
6.999041882668205483e-02
