4.399453815704281734e-01
4.394823445836781306e-01
5.662710332421101445e-01
7.977322782691812497e-01
9.812599184475877534e-01
1.052479670524803401e+00
1.693480339018360592e+00
1.086966376880987406e+00
1.098317791771724616e+00
1.196572318673250646e+00
1.496196797574526505e+00
1.380576148792937996e+00
1.276555368888794284e+00
1.148272589154404333e+00
1.075176848078474467e+00
1.118797550826251541e+00
1.132942221283927964e+00
1.125812793225917652e+00
1.092952275172867083e+00
1.046781333424630978e+00
1.107320409944819950e+00
8.997815642646854739e-01
7.737707759909637772e-01
8.290804575696616441e-01
9.283655335476808101e-01
9.441209126961421783e-01
1.002138399418185166e+00
1.053415356440610795e+00
1.099012883484630887e+00
1.023076916740116138e+00
9.589090850035707492e-01
9.763384382388861082e-01
1.138260236771483136e+00
1.192230240961711818e+00
1.119440570537745483e+00
1.006893140996982128e+00
8.680299573936779423e-01
7.911036582657468008e-01
7.998309064563073889e-01
7.807038094269475037e-01
7.261140657157565403e-01
6.763428504034785238e-01
6.667641343760708494e-01
6.909482692457861175e-01
7.249658221946219117e-01
7.391530647104762597e-01
7.300296842015756571e-01
7.130481187642656593e-01
7.100928002069536449e-01
7.523889523873229512e-01
7.606547291655275655e-01
7.224924197664124303e-01
6.596299746239570050e-01
6.295478801429293947e-01
6.116716260611920752e-01
6.065565404580907094e-01
5.831209363134727264e-01
5.461272022381837843e-01
5.154062851451237659e-01
4.930467073831714120e-01
4.801993897422866531e-01
4.681942940753892612e-01
4.566142259614435761e-01
4.369954927433756242e-01
4.126714441032814373e-01
3.890871510417114876e-01
3.653476365086468780e-01
3.450925506966902034e-01
3.306707307163287424e-01
3.520386148778629765e-01
3.801054912074178227e-01
4.058621114051127465e-01
4.302261368603638725e-01
4.508235940414667131e-01
4.631458529885445485e-01
4.688794037297077111e-01
4.618119342925393056e-01
4.429528317711113883e-01
4.177421313091692623e-01
3.878986830160179866e-01
3.717168127921924858e-01
3.547808907641691323e-01
3.384105125914050327e-01
3.250984841665776059e-01
3.165814351615278688e-01
3.137524212773015742e-01
3.166771416521499960e-01
3.246863215210890052e-01
3.365374030160211971e-01
3.506353978585964315e-01
3.652826274571163157e-01
3.789105120699254869e-01
3.902489178320284191e-01
4.004009340157796970e-01
4.090110200041839894e-01
4.170645989709438339e-01
4.224207170453945781e-01
4.268901679838700280e-01
4.279132186467868304e-01
4.257661057438107965e-01
4.234400796034663017e-01
4.188900525544622111e-01
4.128012777886546081e-01
4.058958112221455194e-01
3.996624471871774165e-01
3.942908573716595866e-01
3.892436664839113991e-01
3.845241531547014535e-01
3.798953393992124949e-01
3.749450510008512927e-01
3.702917995992047184e-01
3.647394099379033250e-01
3.575232701919116018e-01
3.484331655171651332e-01
3.381954805773043637e-01
3.268340388829922838e-01
3.140403270578371875e-01
3.005542059630932350e-01
2.872344449183857895e-01
2.740922808183756110e-01
2.618037673583156755e-01
2.509666324422205608e-01
2.437536644740152525e-01
2.385634200661196913e-01
2.340592576111112655e-01
2.312627218139963747e-01
2.328793017169651369e-01
2.368035620954836162e-01
2.423575112797814735e-01
2.491834309850221307e-01
2.569266799317892480e-01
2.652534080526168792e-01
2.738619010620561567e-01
2.824881853048804570e-01
2.909070024302897739e-01
2.989294851027960442e-01
3.063988695774814697e-01
3.137621138631047635e-01
3.205815608193267607e-01
3.265960810014235105e-01
3.323784922616740967e-01
3.375432118768614265e-01
3.425473696381546307e-01
3.467754232028429917e-01
3.503698633571767362e-01
3.535889315039050240e-01
3.556965729378937513e-01
3.574140898107677766e-01
3.584369602870596805e-01
3.588408364822232577e-01
3.590646171947918242e-01
3.612448027836279163e-01
3.636456859233694883e-01
3.660409307082310715e-01
3.673662793845963170e-01
3.685248301686174233e-01
3.688795016819124695e-01
3.684021071244485412e-01
3.709300954512663728e-01
3.735833787316341081e-01
3.756911694740968088e-01
3.765567083643000523e-01
3.774741598561131561e-01
3.772477882061422427e-01
3.765006330810941604e-01
3.754516214252821560e-01
3.734897859034562728e-01
3.715289427814491563e-01
3.690972017465993238e-01
3.663156953796322113e-01
3.635908455538320871e-01
3.606425889776723182e-01
3.577598282926540696e-01
3.548197390577368382e-01
3.518761212217318413e-01
3.486419349341224883e-01
3.457023756900337585e-01
3.423400730717585660e-01
3.391181461541785680e-01
3.358125125238666797e-01
3.325606962858934090e-01
3.296868032925864278e-01
3.279585117752966683e-01
3.264102474159734091e-01
3.250759143377508487e-01
3.238882099847972262e-01
3.226660434005190758e-01
3.214733660941013205e-01
3.205387567033772256e-01
3.236942442679769383e-01
3.270970831953872171e-01
3.303521854932572888e-01
3.336899796351994185e-01
3.368088940038303503e-01
3.394917644309473626e-01
3.420456920017853619e-01
3.441245596776456583e-01
3.458598195654130070e-01
3.475525395984868648e-01
3.486163902665168624e-01
3.493571233574973012e-01
3.494907322670725569e-01
3.492988641333090727e-01
3.486663658392816223e-01
3.476653516108473840e-01
3.465596120808944192e-01
3.453334257808761132e-01
3.436327240513713521e-01
3.417073541506688850e-01
3.391688979368036039e-01
3.365346706995405723e-01
3.332297426554570730e-01
3.298826222791075846e-01
3.260527714272359323e-01
3.221159905711101779e-01
3.178793598239045282e-01
3.136449691970175646e-01
3.091687994014142293e-01
3.048165092721831781e-01
3.004484649134100960e-01
2.961640395794884473e-01
2.920754343951640908e-01
2.881796932530346078e-01
2.858239056827667213e-01
2.851575132020870984e-01
2.843959379931942921e-01
2.836644201895806017e-01
2.826816708689114388e-01
2.816047881056713553e-01
2.805947090606380478e-01
2.792995300726976993e-01
2.781547761923615636e-01
2.767371659999037781e-01
2.753696414490617306e-01
2.739238136507270993e-01
2.725775196678965617e-01
2.713146565788989162e-01
2.701299445121669307e-01
2.691067976715289523e-01
2.680142439359077255e-01
2.668977773000626441e-01
2.659234252400340393e-01
2.648511151134116393e-01
2.636941813981373284e-01
2.627575696421559637e-01
2.617319412034824211e-01
2.606186669546881052e-01
2.596605049015444644e-01
2.586605934092604531e-01
2.577102832682440781e-01
2.569987897613456029e-01
2.564852128593073100e-01
2.559093943869763521e-01
2.553734288955634146e-01
2.548127405067842077e-01
2.542548570576485534e-01
2.536780500761111612e-01
2.532035046015217450e-01
2.526143310963000488e-01
2.520998268134943543e-01
2.515436826098056966e-01
2.509923261623547286e-01
2.504800990925830639e-01
2.499465240097144547e-01
2.493144251879019224e-01
2.486696723396872033e-01
2.479034208236990944e-01
2.470814931897566680e-01
2.461719072180132972e-01
2.451572887216380281e-01
2.440998203535389710e-01
2.428646285508980485e-01
2.416592034304237413e-01
2.402497730978643553e-01
2.388443030414122703e-01
2.372970241604049624e-01
2.357142242670635934e-01
2.340378666055036305e-01
2.323376471008649913e-01
2.305431210782467044e-01
2.287373120852081165e-01
2.268374587995191094e-01
2.248941225300594704e-01
2.229034700105667899e-01
2.208288194761413303e-01
2.187627845646072378e-01
2.166236861201157604e-01
2.144976773065766507e-01
2.123005694524369158e-01
2.101299952882772770e-01
2.078485262201961170e-01
2.056044432980993764e-01
2.033058466269789533e-01
2.009463162250199886e-01
1.986449233123855629e-01
1.962659920969285487e-01
1.939744894546308329e-01
1.916145904621018858e-01
1.893088618472402729e-01
1.869798020763306923e-01
1.846218925136825784e-01
1.823334087739923171e-01
1.800040030722469819e-01
1.777640212427318289e-01
1.755335602810694229e-01
1.733483012215911168e-01
1.711569818556335221e-01
1.690318715561596463e-01
1.668826232895881390e-01
1.647177861948480593e-01
1.626384672428350109e-01
1.605445507050255183e-01
1.584404477702030245e-01
1.563302680165195857e-01
1.542965685504616435e-01
1.522697232480273166e-01
1.502430544011318092e-01
1.482197357622043465e-01
1.462026992738366948e-01
1.442465373167717002e-01
1.423192325354196430e-01
1.404019960033684178e-01
1.384970642164561339e-01
1.366064942489416401e-01
1.347321759025340016e-01
1.328811584212289676e-01
1.310985831252198808e-01
1.293340688613065503e-01
1.275890676854714856e-01
1.258649142228396023e-01
1.241628344079643287e-01
1.224839535614397484e-01
1.208293037947933968e-01
1.191998307445551603e-01
1.176217977833357714e-01
1.160809571453464140e-01
1.145655875239320054e-01
1.130764361702637499e-01
1.116141856708506575e-01
1.101794571591534766e-01
1.087728130327553361e-01
1.073947592145653440e-01
1.060459183382263804e-01
1.047511100577350890e-01
1.034846243604689298e-01
1.022468336372801129e-01
1.010380581068876654e-01
9.985856625135662579e-02
9.871541276278138211e-02
9.761427393820755471e-02
9.654183768453682146e-02
9.549823585865717390e-02
9.448354742258152639e-02
9.350944379787431981e-02
9.256867872342876280e-02
9.165594847873981266e-02
9.077118227842248532e-02
8.991425480397735592e-02
8.908498633001467326e-02
8.828314295761362229e-02
8.750843696844423647e-02
8.676225270529172584e-02
8.605359834573388100e-02
8.537052058947523780e-02
8.471257434445049472e-02
8.407926290808524772e-02
8.347003915792280959e-02
8.288430689884768165e-02
8.232142236503234289e-02
8.178069587321815104e-02
8.126139362257223109e-02
8.076273963511938769e-02
8.028391782963931189e-02
7.983306979115374624e-02
7.940377493345561477e-02
7.899173325606480278e-02
7.859602131433082728e-02
7.821568552448746048e-02
7.784974483099878217e-02
7.749719344219396788e-02
7.715700362272738533e-02
7.682812853129691866e-02
7.652082948980180876e-02
7.622640994707197137e-02
7.594034230544598196e-02
7.566154457283831569e-02
7.538892807458394407e-02
7.512140035369313518e-02
7.485786804370687941e-02
7.460653854890239578e-02
7.436557903199383923e-02
7.412565746949942302e-02
7.388570475300397511e-02
7.364466270868434694e-02
7.340148666953467960e-02
7.315514796447768198e-02
7.291496519721527014e-02
7.268002659494560147e-02
7.243922195165131139e-02
7.219159940541873544e-02
7.193623270607024667e-02
7.167222316074746413e-02
7.140796418655449840e-02
7.114706983055252287e-02
7.087520549208876919e-02
7.059158317639285807e-02
7.029740925321005529e-02
7.001237382994851544e-02
6.971354910429032603e-02
6.941370932250970349e-02
6.911571725007586986e-02
6.882254464241628622e-02
6.853593062963192484e-02
6.823610670835651704e-02
6.793638504935065048e-02
6.762845214956135498e-02
6.765671596177208480e-02
6.779784091580168259e-02
6.793390633584442395e-02
6.806422762794962777e-02
6.818813755729873083e-02
6.831351736732485525e-02
6.843818330886936030e-02
6.855490049226359295e-02
6.866306550405379405e-02
6.876209505956151768e-02
6.885142653312370520e-02
6.893051843709416260e-02
6.900077344247278199e-02
6.912933939243161297e-02
6.924769642983652496e-02
6.935491264089806152e-02
6.945049836386781028e-02
6.953763629399731250e-02
6.962795088332779381e-02
6.970552361359576288e-02
6.976993866747074891e-02
6.982080273410776194e-02
6.985774513507939099e-02
6.988041790824785215e-02
6.988849585085672722e-02
6.988271157146686008e-02
6.988214661019023777e-02
6.986625473393208441e-02
6.983478558512390411e-02
6.978751121959410331e-02
6.972422595887108054e-02
6.964474621072490323e-02
6.954891025940622418e-02
6.943657802705636983e-02
6.930902250212656046e-02
6.918610252646330283e-02
6.904636616177782515e-02
6.888974193265681722e-02
6.871617860665421573e-02
6.852564483074546908e-02
6.831812874816377279e-02
6.809363759700595709e-02
6.786247975161036061e-02
6.762712419615470039e-02
6.737479095988763156e-02
6.710554603047456934e-02
6.681947253938244624e-02
6.651667028984102614e-02
6.619725527474218385e-02
6.588321161352291011e-02
6.555357917810031299e-02
6.520755903463375247e-02
6.484531563843641544e-02
6.446702744819524100e-02
6.407288641307368193e-02
6.366309745654068208e-02
6.325877795224643663e-02
6.284012603623012616e-02
6.240623130186863377e-02
6.250732102873055029e-02
6.265964343352846411e-02
6.280154800833459561e-02
6.293295741841847812e-02
6.306431868469511426e-02
6.318860389008203182e-02
6.330228148561418966e-02
6.340530087534571035e-02
6.349761987960220178e-02
6.358298646856959391e-02
6.366835923947758435e-02
6.374441745052654429e-02
6.382293535494829029e-02
6.389070367679125506e-02
6.394771229030754567e-02
6.399395850194020130e-02
6.404417275884290162e-02
6.408380657237182365e-02
6.411270674165364669e-02
6.413089165065870290e-02
6.413838634130952787e-02
6.413522233110047210e-02
6.412143743019528552e-02
6.410104444336088558e-02
6.408130867642562734e-02
6.405105434210278670e-02
6.401033664255485756e-02
6.395921630016687676e-02
6.389775937682408424e-02
6.382603709389392255e-02
6.375322462216154173e-02
6.367632149533690444e-02
6.358931392153412132e-02
6.350024423461203549e-02
6.340835211977859098e-02
6.330653194612859136e-02
6.319970265945981658e-02
6.309330829015055708e-02
6.297717603650149210e-02
6.285140622901314034e-02
6.271610288869959582e-02
6.257137356460532041e-02
6.241732917331820063e-02
6.225408384057179445e-02
6.208996031269877619e-02
6.192324865145248936e-02
6.174756609775268468e-02
6.156303468040252858e-02
6.136977901192645912e-02
6.116792614308124570e-02
6.095760541984657915e-02
6.073894834293650652e-02
6.051208842988414771e-02
6.027716107973162679e-02
6.003430344036499167e-02
5.979729428905637689e-02
5.955264477901536097e-02
5.930032581753342386e-02
5.904047817171793194e-02
5.877324385140745427e-02
5.849876599113277426e-02
5.821718873480964673e-02
5.793141215318797083e-02
5.764907649491019664e-02
5.736552647631835283e-02
5.709124704093454516e-02
5.681441785193402927e-02
5.653085062193895921e-02
5.624068992429492181e-02
5.594408081832560886e-02
5.564116875290433389e-02
5.534412828334438206e-02
5.504127137818184273e-02
5.473237348283908205e-02
5.441757986371031919e-02
5.409703582474138100e-02
5.377088662465455415e-02
5.343927739669065285e-02
5.310235307084772149e-02
5.276705918016263985e-02
5.243124178904780275e-02
5.209036196654914797e-02
5.174456286945743055e-02
5.139398717612968237e-02
5.103877702129042820e-02
5.068910123857112149e-02
5.033564524348866503e-02
4.998567981975084867e-02
4.963405610930174405e-02
4.927813916009116807e-02
4.892459875897952476e-02
4.857071912779818007e-02
4.821278006135640976e-02
4.785091734860750373e-02
4.748891651509264122e-02
4.715977135767939615e-02
4.682640577150509742e-02
4.648949626924456235e-02
4.615807803018765615e-02
4.582266532165563816e-02
4.548338913616586932e-02
4.538221634241816627e-02
4.545573586726119747e-02
4.552482414453670745e-02
4.558951829989180138e-02
4.564985607992824712e-02
4.570587582233241047e-02
4.575761642658331130e-02
4.580511732523842583e-02
4.584841845579266939e-02
4.588756023311189869e-02
4.592258352243373809e-02
4.595352961293650701e-02
4.598306556191731481e-02
4.601242185235940307e-02
4.603779352969834121e-02
4.605922237401060410e-02
4.607675049673757434e-02
4.609042031711487603e-02
4.610027453913799478e-02
4.610635612906002073e-02
4.610870829341499194e-02
4.610737445756490915e-02
4.610239824476107529e-02
