3.754657536889832725e-01
3.823642720743520851e-01
4.262645232398518114e-01
4.099091940398294498e-01
4.347224930523123643e-01
4.756654891439492383e-01
4.651910861057373392e-01
6.293851058646053875e-01
6.147780598186999290e-01
5.600393731640088690e-01
5.681617843800880197e-01
5.947375801063626843e-01
6.224803525026409989e-01
4.956017292042799727e-01
5.471715287294335317e-01
6.484554573327161453e-01
6.438175069171707676e-01
6.599184469517329621e-01
6.908051970703449340e-01
9.270400663827346177e-01
1.085063274760549534e+00
1.042658230210528725e+00
9.344712415231311020e-01
7.132515655176727698e-01
6.928689166883984507e-01
7.845012351517691718e-01
9.000478615586466891e-01
9.338619399030685386e-01
8.279830639176004592e-01
9.596223499151307346e-01
1.057029889635804132e+00
1.068806129061947718e+00
1.047204017510299678e+00
9.742192647041502118e-01
8.855717531508012774e-01
8.381549901912430656e-01
8.612809482866069510e-01
8.805556351931850267e-01
8.625273243305562332e-01
8.303823152797924489e-01
8.323877205233658483e-01
9.379262881913027483e-01
1.085681199278303533e+00
1.186411178006576250e+00
1.236827747124161769e+00
1.305022752796089369e+00
1.396157446277961567e+00
1.456656080323538660e+00
1.517654650697655150e+00
1.560663020737846463e+00
1.546545142018211694e+00
1.482372288330166432e+00
1.399867747237530713e+00
1.284856978095719304e+00
1.179528820735307404e+00
1.065435397641035342e+00
9.436742038575374192e-01
8.376327043135949335e-01
7.174439345318649464e-01
6.589592727275421780e-01
6.251829902614091106e-01
5.923374766110816037e-01
5.610523434087816286e-01
5.319972480352900268e-01
5.063640559666303664e-01
4.832486657097558869e-01
4.633190944766583663e-01
4.637264507554957338e-01
4.487428827699999068e-01
4.316990642112212839e-01
4.127222358841768357e-01
3.981858128152721554e-01
3.887884341287263235e-01
3.796688849156695245e-01
3.702190751557981052e-01
3.607776829049763045e-01
3.507214487728371743e-01
3.404893768260147668e-01
3.298969595965721702e-01
3.192837378839452067e-01
3.361028867367931161e-01
3.514445035434041742e-01
3.608101497182215067e-01
3.653211357977716456e-01
3.687577382858517328e-01
3.721868136035778596e-01
3.761917008472272506e-01
3.807502551878464425e-01
3.835653151854703236e-01
3.847134971019436911e-01
3.822213801968007973e-01
3.763072684041582905e-01
3.669226236214281345e-01
3.673738379136141097e-01
3.788617583329486616e-01
3.848969113005591414e-01
3.851032770938078165e-01
3.804757299703128703e-01
3.938897437625786258e-01
4.070204510518001806e-01
4.198202163655337382e-01
4.320776393555393335e-01
4.438232198088913338e-01
4.552195549880284631e-01
4.660623273590970284e-01
4.763534003483001489e-01
4.860649510379472793e-01
4.951637323631026266e-01
5.062855164512155559e-01
5.160574615296551482e-01
5.211931962844601474e-01
5.255387273954196248e-01
5.314740212330734126e-01
5.366715521339369133e-01
5.432903456951424515e-01
5.495163836346084185e-01
5.547554001698182802e-01
5.589625342638933070e-01
5.621119426365724925e-01
5.641962586333396645e-01
5.652235633845409390e-01
5.652156445454107336e-01
5.642128170946258958e-01
5.623151086436561918e-01
5.597000101111748727e-01
5.562885690581484965e-01
5.522100141590291500e-01
5.501416915352171921e-01
5.482745477255251965e-01
5.462840677258128386e-01
5.441819494443351779e-01
5.419437976252730049e-01
5.395234431226014760e-01
5.368780717431974603e-01
5.340028748529253022e-01
5.310949059029096420e-01
5.279541922641890483e-01
5.245973035955389108e-01
5.210346441161286535e-01
5.174222199788331977e-01
5.136918286940680423e-01
5.097350698829875570e-01
5.055743278557490727e-01
5.014325049278480773e-01
4.969885145937036341e-01
4.924235728746872987e-01
4.877351181076065578e-01
4.827683282714526070e-01
4.778272402652150030e-01
4.725297214736312035e-01
4.673464511301165802e-01
4.618002076931555511e-01
4.563862637056453342e-01
4.506575197912452424e-01
4.450437666137028736e-01
4.391739801734911297e-01
4.334086095580447773e-01
4.274327596660514317e-01
4.215584910842622435e-01
4.155034436029301781e-01
4.095581366861715256e-01
4.034397534413498576e-01
3.974569992052867096e-01
3.912833097087697887e-01
3.852929283496764890e-01
3.791349664852604051e-01
3.731043355063260458e-01
3.669878751432178454e-01
3.609396998982675742e-01
3.548856917187170890e-01
3.488578004273532596e-01
3.428842242985949418e-01
3.369186792317959700e-01
3.310407628329227747e-01
3.251697774197775392e-01
3.226601867866576989e-01
3.196827630924515273e-01
3.187611237543249154e-01
3.192293741087652292e-01
3.184373816937740576e-01
3.163795024622354513e-01
3.132457493129576775e-01
3.089307855426708382e-01
3.035183450472735411e-01
2.970963336645653929e-01
2.897496038326782264e-01
2.815248701641361317e-01
2.750891240782563640e-01
2.730868182958450796e-01
2.709437265754983670e-01
2.686670745484512346e-01
2.662596395772163227e-01
2.637160731236377065e-01
2.610283367301768354e-01
2.581939966580383827e-01
2.552188463967004495e-01
2.521180111425091463e-01
2.489127019381212058e-01
2.456151361692220925e-01
2.422197824728216098e-01
2.387456321087977895e-01
2.352119625997307339e-01
2.315752091321148232e-01
2.278365739883732588e-01
2.240629670003860541e-01
2.202342081338737323e-01
2.163198611208500821e-01
2.123863287070461292e-01
2.084321291501065876e-01
2.049400398352489994e-01
2.034931690691026140e-01
2.019655159660627419e-01
2.003973228807066909e-01
1.987121137959197981e-01
1.969958487093452504e-01
1.952314909603511395e-01
1.933763328650082436e-01
1.914501116081778476e-01
1.895518984475622337e-01
1.875853520981408951e-01
1.855589545756648195e-01
1.834807207398848894e-01
1.814391859230946036e-01
1.793685958313851192e-01
1.772627966805808142e-01
1.751282049534332586e-01
1.729746935426400567e-01
1.708762961887659304e-01
1.687618305427238119e-01
1.666363255476351057e-01
1.645044589328161222e-01
1.623705711976869970e-01
1.602923267870297319e-01
1.582240351926488542e-01
1.561615530162548948e-01
1.541081518191850797e-01
1.520668327077419613e-01
1.500707067233873204e-01
1.481078786022300975e-01
1.461619468347615525e-01
1.442350836481937348e-01
1.423292508150412472e-01
1.404655255482675780e-01
1.386438198541452838e-01
1.368457135030308192e-01
1.350725448525311734e-01
1.333254928378106441e-01
1.316209903357040134e-01
1.299586171669639967e-01
1.283233152859761805e-01
1.267158083654679746e-01
1.252238180117486999e-01
1.255352170203215822e-01
1.256956752743733086e-01
1.257362983742429385e-01
1.256832369215140077e-01
1.254940143782075912e-01
1.251892985191449537e-01
1.248153531066319988e-01
1.243203672592548686e-01
1.237225844874628305e-01
1.230705982381153502e-01
1.223123165169066745e-01
1.214669456998497543e-01
1.205774422966770509e-01
1.195955324443838536e-01
1.185445247695470355e-01
1.174546944785248986e-01
1.162852008298406598e-01
1.150703979443163660e-01
1.138135305328599189e-01
1.124884546268264673e-01
1.111513959521469586e-01
1.097566751750059799e-01
1.083384327750661763e-01
1.082652533260346078e-01
1.083390312822407053e-01
1.083249463392769452e-01
1.082497729428226058e-01
1.081248517749465454e-01
1.079192677203969358e-01
1.076356358492820131e-01
1.073111168331616350e-01
1.069332941914245688e-01
1.064839577731870324e-01
1.059655215189343053e-01
1.054117259026541992e-01
1.048136420048752654e-01
1.041522756921686860e-01
1.034298281971342548e-01
1.026813027705448383e-01
1.018916335666321948e-01
1.010460308849689959e-01
1.001465001889683543e-01
9.923824828306851420e-02
9.828205439455305059e-02
9.727651048953060708e-02
9.623452829732695446e-02
9.517902996326564613e-02
9.407840984024559705e-02
9.293440998207708192e-02
9.176854920141169769e-02
9.058285288534244362e-02
8.935764777482525789e-02
8.888814079459302075e-02
8.871949690303033986e-02
8.851949665425833114e-02
8.828860685283217158e-02
8.802728293820795413e-02
8.773597064079417807e-02
8.743806329002347388e-02
8.711748096605062552e-02
8.676779057202460566e-02
8.638940932043440157e-02
8.598275222547596686e-02
8.555932150582325202e-02
8.512573246885556111e-02
8.466467257521428924e-02
8.417655505784432668e-02
8.366179666970889606e-02
8.312631531484290792e-02
8.258672550112475252e-02
8.202131116340821704e-02
8.143050654677633227e-02
8.081475322380128612e-02
8.018437534765750219e-02
7.954586938201159418e-02
7.888330198843367114e-02
7.819714418996823180e-02
7.748946675693477171e-02
7.678226953541072985e-02
7.605244961029240802e-02
7.530051236834711670e-02
7.453633660825408069e-02
7.376514215220728032e-02
7.297289018543794137e-02
7.217007072120561195e-02
7.135985331587446634e-02
7.076907202692479804e-02
7.046289129415338193e-02
7.015229777800972844e-02
6.982693463221592567e-02
6.949211441808555989e-02
6.913756251237362926e-02
6.877037437475942705e-02
6.840534188941076177e-02
6.833632065343549222e-02
6.825237330135573710e-02
6.816707604750242566e-02
6.806934144863972802e-02
6.796853901660716846e-02
6.785700029652128040e-02
6.774276644748891685e-02
6.761748273843444512e-02
6.749309466134166546e-02
6.735938602303097322e-02
6.722114384288020716e-02
6.707649490727538022e-02
6.692445295971234664e-02
6.676611319456969562e-02
6.660036899090099327e-02
6.643003162368778247e-02
6.625275215444455246e-02
6.610174939142438033e-02
6.604500304940197353e-02
6.598472483230641283e-02
6.591209374844587965e-02
6.582776216096805633e-02
6.573946944781752788e-02
6.563597246847763245e-02
6.551742821117359505e-02
6.539572296571967425e-02
6.526218574740823286e-02
6.511395521580777557e-02
6.495121091636216204e-02
6.478464926839982985e-02
6.460773460468273444e-02
6.441671127368993333e-02
6.421177878760245261e-02
6.400055679584663870e-02
6.378237575250760016e-02
6.355073515348141910e-02
6.330585169928175382e-02
6.305643292701518243e-02
6.279927552803504787e-02
6.252936262094577202e-02
6.224970356940400656e-02
6.196823940255843932e-02
6.167452964454426395e-02
6.137361522482256276e-02
6.106906284970673587e-02
6.075430066734879148e-02
6.043930241436253764e-02
6.011715095315627727e-02
5.979208018427165094e-02
5.946469273030242225e-02
5.912992073913871105e-02
5.879478985268266761e-02
5.845070829153273945e-02
5.810348976048708425e-02
5.775051831381854128e-02
5.738843654954089296e-02
5.702701349875159698e-02
5.665571008617441978e-02
5.628119911540251097e-02
5.590219822032073405e-02
5.551690290003159084e-02
5.513063022363261928e-02
5.473904089708217513e-02
5.434590158366128798e-02
5.395191567637098312e-02
5.355436718664705747e-02
5.315695193586648937e-02
5.275504873908171133e-02
5.235161790743368682e-02
5.194126664420478656e-02
5.153223619821340612e-02
5.111553249046520836e-02
5.069754015428565297e-02
5.027596918915955282e-02
4.984793296782973754e-02
4.942191101488178917e-02
4.898908553776707558e-02
4.855231821934094527e-02
4.811576286701346739e-02
4.767295365378526606e-02
4.722454272476385440e-02
4.677872435888250774e-02
4.632719034370531147e-02
4.587018164159130384e-02
4.541069826881943133e-02
4.495168073943171111e-02
4.448770817186761123e-02
4.401901366383271369e-02
4.377123570142513187e-02
4.381442271861866328e-02
4.385243438866757298e-02
4.388448272067078243e-02
4.391064057501412043e-02
4.393098151274672097e-02
4.395085410318971819e-02
4.396554611585326566e-02
4.397459451397261326e-02
4.397807448670407876e-02
4.397736612571686438e-02
4.397560331695184177e-02
4.396844717040456624e-02
4.395597398988456556e-02
4.393826041946153477e-02
4.391841282890982662e-02
4.389595792505174288e-02
4.386843869895935139e-02
4.383593230130725799e-02
4.379851604692476530e-02
4.376063095969792704e-02
4.371896827406900055e-02
4.367257109728221731e-02
4.362151671225810573e-02
4.356613952774304743e-02
4.351122618301216105e-02
4.345182923982237461e-02
4.338802558443141666e-02
4.331989200522119027e-02
4.324750516190241367e-02
4.317596719254918752e-02
4.310029303119875671e-02
4.302053536434135433e-02
4.293676994382234630e-02
4.284907227466254465e-02
4.275884036483819373e-02
4.266832648594413857e-02
4.257404554074464831e-02
4.247607178317210075e-02
4.237447911965226688e-02
4.226934108714167082e-02
4.216073083199450150e-02
4.205317115883690227e-02
4.194237707930113107e-02
4.182826809033672599e-02
4.171091567937308675e-02
4.159039086583141837e-02
4.146676418422812205e-02
4.134334784111538819e-02
4.121804424603425082e-02
4.108978826368776816e-02
4.095864851283993746e-02
4.082469306745389187e-02
4.068934643682168423e-02
4.055409668555295249e-02
4.041617380061216652e-02
4.027564378438253795e-02
4.013257204731542765e-02
3.999101606729743574e-02
3.984699048654204850e-02
3.970055862504389549e-02
3.955371195742107826e-02
3.940649616992817489e-02
3.925700551776206693e-02
3.910613894800743506e-02
3.895602350758829713e-02
3.880376059211581435e-02
3.864941018574356152e-02
3.849536523442377567e-02
3.834060998980241136e-02
3.818388894048731913e-02
3.802525977328757856e-02
3.786632601471429105e-02
3.770750740053753491e-02
3.754689658864556606e-02
3.738454894891431873e-02
3.722051918166898593e-02
3.705630441489587285e-02
3.689235278686843478e-02
3.672682749999506974e-02
3.655978092979445676e-02
3.639126477756575440e-02
3.622133006923200504e-02
3.605165024089901360e-02
3.588209973955926863e-02
3.571123009087298628e-02
3.553909001221895736e-02
3.536572754837147975e-02
3.519119007196186422e-02
3.501552428421858543e-02
3.484105546352132821e-02
3.466609990872882713e-02
3.449010496458734115e-02
3.431311507479289924e-02
3.413517402154218894e-02
3.395632492755131654e-02
3.377661025829487018e-02
3.359784954218827252e-02
3.341913120733740888e-02
3.323962613211695755e-02
3.305937460430974362e-02
3.287841626983627197e-02
3.285201756292703557e-02
3.282280717695717359e-02
3.278693712486709794e-02
3.274392976905931424e-02
3.269606264899285047e-02
3.263980114144947320e-02
3.257979678339006924e-02
3.251219597801221356e-02
3.243974320573757980e-02
3.236122368337201322e-02
3.227760579984485789e-02
3.218858413588265854e-02
3.209430516274955347e-02
3.199519603400829276e-02
3.188988704732962504e-02
3.178110566442846757e-02
3.166527476770795296e-02
3.154665613472668745e-02
3.142180749294009451e-02
3.134801623390274378e-02
3.137887550907299261e-02
3.140585688093283645e-02
3.142717000896338292e-02
3.144273875353471859e-02
3.145301621791330576e-02
3.145867564269020505e-02
3.146181541005189236e-02
3.146106025613207291e-02
3.145824737461585391e-02
3.145194894028073562e-02
3.144130366733298432e-02
3.142591854649837840e-02
3.140665628083341709e-02
3.138323988122997121e-02
3.135566660403409783e-02
3.132365344885689601e-02
3.128664512501920514e-02
3.124417284554395144e-02
3.119611203609013936e-02
3.114233566486648147e-02
3.108338680830141643e-02
3.101883561713154186e-02
3.094724531860284025e-02
3.087005681175141944e-02
3.078689409964091225e-02
3.069668311390539098e-02
3.060226297787339150e-02
3.050143121304798449e-02
3.039444598761542257e-02
3.028327550666968376e-02
3.016572263715425542e-02
3.004322794146559172e-02
2.991693869177686552e-02
2.989677497229327463e-02
2.989942765819518858e-02
2.989597275329646323e-02
2.989013176366314695e-02
2.987830427215673948e-02
2.986156922251635704e-02
2.984169823653014253e-02
2.981609922895634909e-02
2.978702085806773578e-02
2.975382689170678191e-02
