4.596979408735364925e-01
4.605213379096191884e-01
4.637155849040711098e-01
4.587462356468937630e-01
4.703766185010108125e-01
4.979310569796346897e-01
5.065144859923514931e-01
5.949418327361102321e-01
5.867484910169260548e-01
5.551091994451937683e-01
6.394683818782986862e-01
6.945845953936758965e-01
6.016810216452689319e-01
6.316885246392709430e-01
6.832116410293750386e-01
7.371967260743170769e-01
8.610943970267880276e-01
9.118830808910159957e-01
9.664390566841984942e-01
8.568987587479952595e-01
8.453534090923587874e-01
8.911371858791171663e-01
9.657825596284279612e-01
1.116664977621987687e+00
1.222925747054896428e+00
1.301243832089287844e+00
1.336159147561658989e+00
1.292945077574115365e+00
1.246741621063184535e+00
1.197240729794944780e+00
1.135875041652566919e+00
1.059880893918852207e+00
1.064128337250469736e+00
1.040133747564012223e+00
1.026034097912268406e+00
1.141946359736015548e+00
1.314922218810395949e+00
1.487156882379422784e+00
1.626027570906816377e+00
1.709245787323013133e+00
1.775551344496874684e+00
1.810367204633056115e+00
1.795016236669171095e+00
1.767033289035401689e+00
1.709566556656620495e+00
1.638254253598778076e+00
1.585798427165289626e+00
1.528807907190534721e+00
1.465460970594049783e+00
1.414774912566565623e+00
1.348562481885659192e+00
1.278297948529084405e+00
1.220571361787335052e+00
1.155778278104085066e+00
1.087061852414288321e+00
1.028577487975742777e+00
9.728410263295309557e-01
9.163151012336095969e-01
8.599692139339296659e-01
8.068616093676233003e-01
7.609324356315700921e-01
7.158657614806691605e-01
6.729718069606108743e-01
6.332593572687914563e-01
5.971589849304911324e-01
5.644772990028844584e-01
5.345882164510062928e-01
5.093377790739789246e-01
4.852472559165319499e-01
4.619995134993294950e-01
4.397146588265192779e-01
4.187748018844554276e-01
3.996564676791906079e-01
3.827552840567455816e-01
3.682592793296002864e-01
3.560980143559525080e-01
3.459658751113375841e-01
3.373978212094780327e-01
3.298676541252410499e-01
3.228809161624378588e-01
3.160430136248146837e-01
3.090938597715348624e-01
3.020889105348386061e-01
2.957627916566094028e-01
2.892045638286937503e-01
2.825035218831242201e-01
2.757578604596022664e-01
2.690455294986326962e-01
2.624065088457137040e-01
2.558368399657658943e-01
2.560930065054640159e-01
2.650678535058400009e-01
2.738435377629582779e-01
2.826313849284672886e-01
2.899612910277941658e-01
2.966876318995884110e-01
3.027298287251527498e-01
3.064666729186379390e-01
3.127872159801400875e-01
3.180315492598650984e-01
3.216735106863436999e-01
3.252585411621953804e-01
3.268437327742041987e-01
3.284368219381487153e-01
3.283496463299129808e-01
3.282976304778630894e-01
3.267959424409932478e-01
3.255066396305192900e-01
3.229471663625270716e-01
3.207074836813113561e-01
3.174638631181392334e-01
3.144693108018438710e-01
3.108669684552877732e-01
3.071924002835282885e-01
3.034722267662914308e-01
2.991866158368818862e-01
2.954945758935003108e-01
2.910701654312399800e-01
2.871531757134699325e-01
2.828571609769715001e-01
2.785953762851004489e-01
2.743984533728553443e-01
2.698052398793314710e-01
2.656566288623887218e-01
2.620733523828191469e-01
2.614905527408894481e-01
2.605515768412958177e-01
2.592574873973397254e-01
2.576113661562129953e-01
2.556187992408701093e-01
2.540165653625944264e-01
2.520840583814470404e-01
2.498101180432004964e-01
2.472095539665411512e-01
2.442992827595964755e-01
2.410979240830418147e-01
2.377679730387840251e-01
2.346783062136728049e-01
2.313272497762947078e-01
2.277358842275806761e-01
2.239252150565534949e-01
2.199158898188773303e-01
2.157279727971970762e-01
2.115534805079887781e-01
2.075584183791671922e-01
2.034095936955779838e-01
1.991242076843176556e-01
1.947185825885987265e-01
1.902081892222466930e-01
1.856076974629247145e-01
1.812477363401745201e-01
1.768672920732708986e-01
1.724103161772281845e-01
1.678897022406536932e-01
1.633179151901406334e-01
1.587070533321957855e-01
1.543430523410343203e-01
1.499510924391216915e-01
1.455316009417692291e-01
1.410962972801556858e-01
1.366566925217383155e-01
1.323122031831183432e-01
1.280918310330406706e-01
1.238799511481173538e-01
1.196878242785800184e-01
1.155264172270743794e-01
1.114063624587873919e-01
1.074587333319556998e-01
1.035659955069347660e-01
9.972734546736937433e-02
9.595244928141299923e-02
9.341936013983326292e-02
9.153195792587913437e-02
8.964437524557415660e-02
8.770514056228619071e-02
8.572038355774277973e-02
8.402391211165960438e-02
8.232085711200545775e-02
8.060505729089138816e-02
7.887855838123228325e-02
7.714348073844232156e-02
7.540200260722218495e-02
7.365634372902336857e-02
7.190874944890751630e-02
7.016147545697042076e-02
6.841677327698057753e-02
6.667687659359924912e-02
6.494398848968616078e-02
6.322026964683340189e-02
6.150782754550138121e-02
5.980870668596165174e-02
5.812487983768986621e-02
5.645824031286705846e-02
5.511088013951150749e-02
5.533122485847558752e-02
5.552220480476705716e-02
5.572514936428270976e-02
5.590183079862996035e-02
5.604958507196699385e-02
5.616869589091396525e-02
5.625952457869558970e-02
5.632250475515995780e-02
5.635813697539864692e-02
5.636698336609351212e-02
5.634966229484211081e-02
5.630684310396177200e-02
5.623924093666408941e-02
5.614761168004520075e-02
5.603274704607223711e-02
5.589546980866297310e-02
5.573662921207357679e-02
5.555709656312075861e-02
5.535776101727533927e-02
5.513952556637265884e-02
5.490330323358847547e-02
5.465001347941723236e-02
5.438057882066336945e-02
5.409592166290488890e-02
5.379696134550051440e-02
5.348461139698754141e-02
5.315977699763612535e-02
5.282335264499218169e-02
5.247622001742822256e-02
5.211924603004267770e-02
5.175328107666756633e-02
5.137915745128054934e-02
5.099768794173675096e-02
5.060966458845082838e-02
5.021690726316576509e-02
4.984378344244531217e-02
4.946522850635537427e-02
4.908196272240083341e-02
4.869468274979971839e-02
4.830406109854731844e-02
4.791074570489437662e-02
4.751535961583727707e-02
4.711850077535693904e-02
4.672074190530663834e-02
4.632263047404098361e-02
4.592468874608323509e-02
4.552741390635538232e-02
4.513127825272890414e-02
4.473672945090455960e-02
4.434419084587824800e-02
4.395406182451218335e-02
4.356671822398937299e-02
4.318251278119168701e-02
4.280177561830253441e-02
4.242481476019318437e-02
4.205191667940765682e-02
4.168334686481135060e-02
4.131935041021200794e-02
4.096015261950265024e-02
4.060595962510573503e-02
4.025695901672374233e-02
3.991332047761569912e-02
3.957519642583051667e-02
3.924272265802430243e-02
3.891601899368338224e-02
3.859518991775538060e-02
3.828032521986581699e-02
3.797150062846286339e-02
3.766877843838951911e-02
3.737220813053186014e-02
3.708182698233147834e-02
3.679766066808246028e-02
3.651972384805761418e-02
3.624802074562611526e-02
3.598254571163204268e-02
3.572328377540721911e-02
3.547021118188554978e-02
3.522329591437527163e-02
3.498249820262726989e-02
3.474777101591342704e-02
3.451906054090008585e-02
3.429630664416519897e-02
3.407944331926741205e-02
3.386839911833119943e-02
3.366309756815896725e-02
3.346345757092936135e-02
3.326939378957978477e-02
3.308081701800906493e-02
3.289763453626970424e-02
3.271975045094784734e-02
3.254706602095753382e-02
3.237947996899703113e-02
3.221688877893651853e-02
3.205918697942601592e-02
3.190626741402388666e-02
3.175802149816380621e-02
3.161433946328560257e-02
3.147511058846676202e-02
3.134022341989668031e-02
3.120956597854267905e-02
3.108302595636022736e-02
3.096049090140208515e-02
3.084184839218293006e-02
3.072698620165577321e-02
3.061579245115535197e-02
3.050815575466244919e-02
3.040396535373959819e-02
3.030311124348510771e-02
3.020548428984902445e-02
3.011097633864781228e-02
3.001948031661186636e-02
2.993089032479123376e-02
2.984510172464044722e-02
2.976201121709635272e-02
2.968151691495531444e-02
2.960351840884893268e-02
2.952791682711155760e-02
2.945461488982206374e-02
2.938351695729840216e-02
2.931452907331238977e-02
2.924755900328640523e-02
2.918251626772441418e-02
2.911931217112270417e-02
2.905785982659722308e-02
2.899807417645658067e-02
2.893987200894214407e-02
2.888317197134878181e-02
2.882789457973220990e-02
2.877396222540091683e-02
2.872129917838411525e-02
2.866983158805845588e-02
2.861948748111069890e-02
2.857019675700507924e-02
2.852189118111779498e-02
2.847450437569468140e-02
2.842797180878069152e-02
2.838223078126415541e-02
2.833722041217230647e-02
2.829288162234811985e-02
2.824915711663347068e-02
2.820599136467679888e-02
2.816333058047902627e-02
2.812112270078500481e-02
2.807931736242373980e-02
2.803786587869458100e-02
2.799672121489204385e-02
2.795583796305770377e-02
2.791517231604206603e-02
2.787468204095643748e-02
2.783432645208869585e-02
2.779406638335440646e-02
2.775386416035053108e-02
2.771368357207410968e-02
2.767348984236644993e-02
2.763324960113829401e-02
2.759293085542937132e-02
2.755250296035148538e-02
2.751193658996254829e-02
2.747120370811416412e-02
2.743027753931495324e-02
2.738913253964668851e-02
2.734774436777007850e-02
2.730608985605269962e-02
2.726414698185018748e-02
2.722189483896979637e-02
2.717931360934253485e-02
2.713638453492865296e-02
2.709308988987944519e-02
2.704941295297584591e-02
2.700533798036306929e-02
2.696085017859921676e-02
2.691593567803326342e-02
2.687058150652714417e-02
2.682477556353510609e-02
2.677850659455193599e-02
2.673176416594029089e-02
2.668453864014746005e-02
2.663682115131784170e-02
2.658860358131046042e-02
2.653987853612599021e-02
2.649063932274898711e-02
2.644087992640992146e-02
2.639059498826992062e-02
2.633977978353131341e-02
2.628843019997546826e-02
2.623654271692970122e-02
2.618411438466322627e-02
2.613114280421280355e-02
2.607762610763670122e-02
2.602356293869680440e-02
2.596895243396631775e-02
2.591379420436172240e-02
2.585808831709630884e-02
2.580183527805214247e-02
2.574503601456759605e-02
2.569088541005471252e-02
2.563623253334418317e-02
2.558101564764135583e-02
2.552523687772417088e-02
2.546889870369333994e-02
2.541200394599651621e-02
2.535455575083055482e-02
2.529655757591731807e-02
2.523801317664810598e-02
2.517892659259201096e-02
2.511930213436281562e-02
2.505914437083967689e-02
2.499845811673540377e-02
2.493724842050790494e-02
2.487552055260850922e-02
2.481327999406224283e-02
2.475053242537330819e-02
2.468728371575135833e-02
2.462353991265203712e-02
2.455930723162590146e-02
2.449459204647052440e-02
2.442940087967923612e-02
2.436374039318153772e-02
2.429761737936829771e-02
2.423103875239698141e-02
2.416401153977033520e-02
2.409654287418342561e-02
2.402863998563250017e-02
2.396031019378075388e-02
2.389156090057497489e-02
2.382239958310743838e-02
2.375283378671734849e-02
2.368287111832701256e-02
2.361251924000619395e-02
2.354178586276024082e-02
2.347067874053625561e-02
2.339920566444179950e-02
2.332737445717128488e-02
2.325519296763508756e-02
2.318266906578558828e-02
2.310981063763606000e-02
2.303662558046675607e-02
2.296312179821378280e-02
2.288930719703593034e-02
2.281518968105476428e-02
2.274077714826320401e-02
2.266607748659831001e-02
2.259109857017382872e-02
2.251584825566802298e-02
2.244033437886232274e-02
2.236456475132728161e-02
2.228854715725085006e-02
2.221228935040548899e-02
2.213579905125007477e-02
2.205908394416264406e-02
2.198215167480008919e-02
2.190500984758139355e-02
2.182766602329036520e-02
2.175012771679474613e-02
2.167240239487765521e-02
2.159449747417882190e-02
2.151642031924100307e-02
2.143817824065978594e-02
2.135977849333241946e-02
2.128122827480320722e-02
2.120253472370211417e-02
2.113142934208139118e-02
2.117149346326722623e-02
2.121064704897864667e-02
2.124888991130868821e-02
2.128622212810509992e-02
2.132264403601388109e-02
2.135815622361219093e-02
2.139275952463098179e-02
2.142645501126861501e-02
2.145924398759743723e-02
2.149112798306309843e-02
2.152210874607803429e-02
2.155218823770917863e-02
2.158325322804005228e-02
2.161352286434105666e-02
2.164289829522351993e-02
2.167138188283190131e-02
2.169897618010481130e-02
2.172568392496510015e-02
2.175150803460465521e-02
2.177645159986357770e-02
2.180051787970379781e-02
2.182371029577730506e-02
2.184603242708861928e-02
2.186748800475088461e-02
2.188808090683600979e-02
2.190781515331790760e-02
2.192669490110865302e-02
2.194472443918711949e-02
2.196190818381920512e-02
2.197825067386970088e-02
2.199375656620442682e-02
2.200843063118286883e-02
2.202227774823957776e-02
2.203530290155458413e-02
2.204751117581118386e-02
2.205890775204112295e-02
2.206949790355582433e-02
2.207963987045599361e-02
2.209071238602228204e-02
2.210098672899910716e-02
2.211046829595249980e-02
2.211916256270524822e-02
2.212707508067695075e-02
2.213421147330382407e-02
2.214057743253787860e-02
2.214617871542359784e-02
2.215102114075158043e-02
2.215511058578823606e-02
2.215845298308063982e-02
2.216105431733507089e-02
2.216292062236842331e-02
2.216405797813213868e-02
2.216447250780656866e-02
2.216417037496509757e-02
2.216315778080788640e-02
2.216144096146268130e-02
2.215902618535283905e-02
2.215591975063114019e-02
2.215212798267804026e-02
2.214765723166431388e-02
2.214251387017523998e-02
2.213670429089793432e-02
2.213023490436804089e-02
2.212311213677677774e-02
2.211534242783612034e-02
2.210693222870213984e-02
2.209788799995436245e-02
2.208821620963112922e-02
2.207792333131929421e-02
2.206701584229770613e-02
2.205582156852536196e-02
2.204567935203772047e-02
2.203492875022780226e-02
2.202357618882638465e-02
2.201162809209754323e-02
2.199909088121482573e-02
2.198597097268506495e-02
2.197227477681919228e-02
2.195800869624883050e-02
2.194317912448788196e-02
2.192779244453857412e-02
2.191185502754065817e-02
2.189537323146270240e-02
2.187835339983553243e-02
2.186080186052601418e-02
2.184272492455074585e-02
2.182412888492915939e-02
2.180502001557434524e-02
2.178540457022181895e-02
2.176528878139460943e-02
2.174467885940452316e-02
2.172358099138822773e-02
2.170200134037799516e-02
2.167994604440572765e-02
2.165742121564013384e-02
2.163443293955582755e-02
2.161098727413406778e-02
2.158709024909398130e-02
2.156274786515408742e-02
2.153796609332298342e-02
2.151275087421837540e-02
2.148710811741513793e-02
2.146104370081942936e-02
2.143456347007065971e-02
2.140767323796849420e-02
2.138037878392662697e-02
2.135268585344987993e-02
2.132460015763682631e-02
2.129612737270553113e-02
2.126727313954240167e-02
2.123804306327348526e-02
2.120844271285827684e-02
2.117847762070410034e-02
2.114815328230199021e-02
2.111747515588290741e-02
2.108644866209345367e-02
2.105664562543828680e-02
2.102657130297047247e-02
2.099615047538820264e-02
2.096538846269196607e-02
2.093429054695982588e-02
2.090286197209928476e-02
2.087110794361500196e-02
2.083903362839430173e-02
2.080664415450821786e-02
2.077394461102888973e-02
2.074094004786145029e-02
2.070763547559163059e-02
2.067403586534742599e-02
2.064014614867517097e-02
2.060597121742897136e-02
2.057151592367370205e-02
2.053678507960100819e-02
2.050178345745774441e-02
2.046651578948677219e-02
2.043098676787931736e-02
2.039520104473930770e-02
2.035916323205870515e-02
2.032287790170333661e-02
2.028634958540981303e-02
2.024958277479240940e-02
2.021258192135976656e-02
2.017535143654101623e-02
