3.193362244920845416e-01
3.123375451376110834e-01
3.168790395247934599e-01
3.135249159816169695e-01
3.181698071400214101e-01
3.659179595261831675e-01
4.124419088837871783e-01
4.251238897253088456e-01
4.441454270250000391e-01
5.403028971426091509e-01
6.749310255714421336e-01
5.654674805223289802e-01
4.669218054042599264e-01
5.027874474476122790e-01
5.178679655843659857e-01
6.338720294029264180e-01
6.754804659819441115e-01
6.128712033451846342e-01
5.372162926605192901e-01
6.530938896292428630e-01
7.609251860672566758e-01
8.458176217650492656e-01
8.943692862015160117e-01
8.137388329663745035e-01
6.995403408449152316e-01
7.182445874627916282e-01
7.326607097188763129e-01
7.435503484271775987e-01
7.621502945976460497e-01
7.833654745605690417e-01
7.732036297324929031e-01
7.134494459780852393e-01
7.880445590681224299e-01
7.581127032730763382e-01
6.790921283313885448e-01
6.107718630231289136e-01
5.719883927161214521e-01
5.387327254377294317e-01
5.528901813997963988e-01
5.798697522422374684e-01
5.814202488772892696e-01
5.460775887041899868e-01
5.186054980176789675e-01
5.510192601429378945e-01
5.836841140449267051e-01
6.085631813602668805e-01
6.269361149179785153e-01
6.369447342696875625e-01
6.434619510003205534e-01
6.440134906910389700e-01
6.381868036981117598e-01
6.311241004900081109e-01
6.153660078448750514e-01
6.033086217494960657e-01
6.118268381768505737e-01
6.377323774090174480e-01
6.621690877250441254e-01
6.823543209506161000e-01
6.983746699996716822e-01
7.109315451034173838e-01
7.153812970016297790e-01
7.174307041137970575e-01
7.127988148286331649e-01
7.021891120442699252e-01
6.911187953908749515e-01
6.738336627684230473e-01
6.562419838062768518e-01
6.397454596850019604e-01
6.215511157114472773e-01
6.028713119405560983e-01
5.881661776813101872e-01
5.720791995637374283e-01
5.544819995048574368e-01
5.363940254432296717e-01
5.196140115830735207e-01
5.016215932059874261e-01
4.832535015338537132e-01
4.654317572063900732e-01
4.489942849572163275e-01
4.352237434956955364e-01
4.243479668465611199e-01
4.176002050511745667e-01
4.137960970119396453e-01
4.111394231278583389e-01
4.100009242022276124e-01
4.103139854586772550e-01
4.105010738653986913e-01
4.120629759859070762e-01
4.138583961331280814e-01
4.151689883144358828e-01
4.174654825171529859e-01
4.201517061676265929e-01
4.224019820670945058e-01
4.248408449093262207e-01
4.284823938842019508e-01
4.315148486788904503e-01
4.337633587559124315e-01
4.371337654693226993e-01
4.397371245362544090e-01
4.408893684507904642e-01
4.418971117902554813e-01
4.423064504984001166e-01
4.406989883599709001e-01
4.384263434547159832e-01
4.354289386574989318e-01
4.302786050196640288e-01
4.252479323553516322e-01
4.187791677935655543e-01
4.118261220971443648e-01
4.043411746860368083e-01
3.968012068708006157e-01
3.953478588939495220e-01
3.945648638215039639e-01
3.927469361362057043e-01
3.906896521043776160e-01
3.875750863266457791e-01
3.846764964852311675e-01
3.813791905177504882e-01
3.775106645632582136e-01
3.760728103807033373e-01
3.773832639070343054e-01
3.777210016200570064e-01
3.773534927738950717e-01
3.754491339126181937e-01
3.736268921285788580e-01
3.722441296563655522e-01
3.697398408240591960e-01
3.665876695993099954e-01
3.631247560209158731e-01
3.595088663261213346e-01
3.556817914511095635e-01
3.514244307671220424e-01
3.465040444594097435e-01
3.407874082346326605e-01
3.347286578361823861e-01
3.282015214107483758e-01
3.210934910349312887e-01
3.137004719802295449e-01
3.076225220756835799e-01
3.035280567203765267e-01
2.981907929937895885e-01
2.930922274696077801e-01
2.867519055596143840e-01
2.803782859022662666e-01
2.732564138344631965e-01
2.655335746083961057e-01
2.597120806306391638e-01
2.534472048056328197e-01
2.467526202798954182e-01
2.399810256178645240e-01
2.330563702580573660e-01
2.258283282041955997e-01
2.183644948225504923e-01
2.110885456455612319e-01
2.035873846285226885e-01
1.989407147990973623e-01
1.970426737860152544e-01
1.953052665626882900e-01
1.934303292813423503e-01
1.914216754499448447e-01
1.896773537549713839e-01
1.878152434636919665e-01
1.858147007041853205e-01
1.836795933140390191e-01
1.817042366937567377e-01
1.796857253196361970e-01
1.775312771772860343e-01
1.752462734845050829e-01
1.728365976822590633e-01
1.706166119470934051e-01
1.683068584048083294e-01
1.658780984633145550e-01
1.633381619752805602e-01
1.606953114254115189e-01
1.580821754087000097e-01
1.555456072580610749e-01
1.532348461943461582e-01
1.513283366803071794e-01
1.493945755712926260e-01
1.474366535965332681e-01
1.455563356358668126e-01
1.436929489980138253e-01
1.419056444632881830e-01
1.401350511780042885e-01
1.384615840392494635e-01
1.367821604448694328e-01
1.350845115470467872e-01
1.333727760412058982e-01
1.316768782381410596e-01
1.300619072857807368e-01
1.284385574605299563e-01
1.268108195463646393e-01
1.251825522373215260e-01
1.235574590287062680e-01
1.219390681669413334e-01
1.203307156298290131e-01
1.187355310711720735e-01
1.171564266315889696e-01
1.155967729298217339e-01
1.141296899022501837e-01
1.126814489251137807e-01
1.112542689356671721e-01
1.098501333638541716e-01
1.084707916382592757e-01
1.071177624805029205e-01
1.057923388010632987e-01
1.044955940110245118e-01
1.032283895678951374e-01
1.019913835790917933e-01
1.007850402936402989e-01
9.960964032076784214e-02
9.846529142315063599e-02
9.735193974232661529e-02
9.626938132401823001e-02
9.521727382163162889e-02
9.419514826681543718e-02
9.419248702516085092e-02
9.455203149422618247e-02
9.487975887308409961e-02
9.510778437410326303e-02
9.523845513243883731e-02
9.538275531545373220e-02
9.544784959933297341e-02
9.542120387568611695e-02
9.536474956214238685e-02
9.528203888087199980e-02
9.511203079478368350e-02
9.490674840265864165e-02
9.468719042525389207e-02
9.438388178615175761e-02
9.407301967866309178e-02
9.372444081722212939e-02
9.329510625901789311e-02
9.288723940374062071e-02
9.241567842242012776e-02
9.186614916968424693e-02
9.133958456692413408e-02
9.075052050043952434e-02
9.008636910019403310e-02
8.941518372227622025e-02
8.871437993067894656e-02
8.794169811215171717e-02
8.711611411452337139e-02
8.631009619681181966e-02
8.543589736695163250e-02
8.449587711956162150e-02
8.356849360021036122e-02
8.260083395141364082e-02
8.157188094116502031e-02
8.083945451104553037e-02
8.061061513907172293e-02
8.036079048414122850e-02
8.000551425750697387e-02
7.958171163368774059e-02
7.912148901387958122e-02
7.859037752866331050e-02
7.800352258564868801e-02
7.739671858932874182e-02
7.674537209141166216e-02
7.601750878029729652e-02
7.526179393216723967e-02
7.442440770138131212e-02
7.354155484433191892e-02
7.257878643741813574e-02
7.158291872135613687e-02
7.049045009630752756e-02
6.939611929495685672e-02
6.820537862613414160e-02
6.699882052382424846e-02
6.573475888007308809e-02
6.441631917665134599e-02
6.309354027490729488e-02
6.170285564444173698e-02
6.031579540841741638e-02
5.889062973564766768e-02
5.744230157165644557e-02
5.655432677275445963e-02
5.599806481202561359e-02
5.544128744327231351e-02
5.488423050776160966e-02
5.432713208320979342e-02
5.377023159830521953e-02
5.321376899759125423e-02
5.265798395621446026e-02
5.210311514386713888e-02
5.154939953710151179e-02
5.100764248036710607e-02
5.047106825510704053e-02
4.993579914424899069e-02
4.940206765305402148e-02
4.887010217701089065e-02
4.834012655480910553e-02
4.781235966128118131e-02
4.734344329315558209e-02
4.693973247860651343e-02
4.653453157439570165e-02
4.612810949229611407e-02
4.572073057578274202e-02
4.531265422357615147e-02
4.490413454621759726e-02
4.449542005461581962e-02
4.408675337947074585e-02
4.367837102044686698e-02
4.327050312394575826e-02
4.286337328831204413e-02
4.245719839529893402e-02
4.205218846661184368e-02
4.164854654435341808e-02
4.124661099017885163e-02
4.085817589784503795e-02
4.047122392804677199e-02
4.008593978048972245e-02
3.970250092060392116e-02
3.932107756438878166e-02
3.894183267992101100e-02
3.856492200448918134e-02
3.819049407634589333e-02
3.781869028009179901e-02
3.744964490473773333e-02
3.708348521351963190e-02
3.672033152456954941e-02
3.636029730158252954e-02
3.600348925364378616e-02
3.565000744341902117e-02
3.529994540293739103e-02
3.495339025623428464e-02
3.461042284814832420e-02
3.427111787860119552e-02
3.393554404171982702e-02
3.360376416919336195e-02
3.327583537728333318e-02
3.295180921694183807e-02
3.263173182651556148e-02
3.237071375193289330e-02
3.216371730904742793e-02
3.195677038024204164e-02
3.174993881777638666e-02
3.154328717627848805e-02
3.133687867360337997e-02
3.113077515594839598e-02
3.092503706703139676e-02
3.071972342114178550e-02
3.051489177988031543e-02
3.031415386478298474e-02
3.011437195620241328e-02
2.991510870820893522e-02
2.971641770397677809e-02
2.951835103260122897e-02
2.932095928120283940e-02
2.912429152968278381e-02
2.892839534798209017e-02
2.873331679570169730e-02
2.853910042394610519e-02
2.834578927925640937e-02
2.815342490950497115e-02
2.796204737162722234e-02
2.777169524107179002e-02
2.758240562285332875e-02
2.739421416409872079e-02
2.720715506797896643e-02
2.702126110892707003e-02
2.683656364904205005e-02
2.665309265558764296e-02
2.647087671949445789e-02
2.628994307478111150e-02
2.611031761881216565e-02
2.593202493331476718e-02
2.575508830607942112e-02
2.557952975327431808e-02
2.540537004230532941e-02
2.523262871515742981e-02
2.506132411215682837e-02
2.489147339609539336e-02
2.472309257666295904e-02
2.455619653513523362e-02
2.439079904926783407e-02
2.422691281835045660e-02
2.406454948837698921e-02
2.390371967729006814e-02
2.374443300026137654e-02
2.358669809497090583e-02
2.343052264685082514e-02
2.327591341426140173e-02
2.312287625356975254e-02
2.297141614410180138e-02
2.282153721294246165e-02
2.267324275955871771e-02
2.252653528022338647e-02
2.238141649221824306e-02
2.223788735779693229e-02
2.209594810789016622e-02
2.195559826553627331e-02
2.181683666902197935e-02
2.167966149472026760e-02
2.154407027961188770e-02
2.141005994347979641e-02
2.127762681076621198e-02
2.114676663208283486e-02
2.101747460536699044e-02
2.088974539667509678e-02
2.091214063009481580e-02
2.096909821447033584e-02
2.102319537721277637e-02
2.107440402134201293e-02
2.112269885261701396e-02
2.116805716514357297e-02
2.121045863942416440e-02
2.125328726283658848e-02
2.129549303879757494e-02
2.133472938856966275e-02
2.137098081581658218e-02
2.140423347290431114e-02
2.143447502389753123e-02
2.146169451772991094e-02
2.148588227118246319e-02
2.150702976129745952e-02
2.152512952684708381e-02
2.154017507847319490e-02
2.155359818964440108e-02
2.156882894314740562e-02
2.158099987762671437e-02
2.159010556141761211e-02
2.159614126015759264e-02
2.159910288797713823e-02
2.159898696477062507e-02
2.159579057918424583e-02
2.158951135696600410e-02
2.158014743432904933e-02
2.156769743598780167e-02
2.155520906363837461e-02
2.154319651611187950e-02
2.152808551776571114e-02
2.150987490790875686e-02
2.148856399560065619e-02
2.146415255740915726e-02
2.143664083782765434e-02
2.140602955209034916e-02
2.137231989113549946e-02
2.133551352847465332e-02
2.129823978706057303e-02
2.126199427258516211e-02
2.122263461309348287e-02
2.125836944310114177e-02
2.129475752641561345e-02
2.132969016470924115e-02
2.136316641147292458e-02
2.139787586095825977e-02
2.143201267298450521e-02
2.146469195879601236e-02
2.149591132142364067e-02
2.152566818569352780e-02
2.155395982348629752e-02
2.158078337851426429e-02
2.160613589058030595e-02
2.163001431928711013e-02
2.165241556716802906e-02
2.167644948372038360e-02
2.169960587053874554e-02
2.172127451593488037e-02
2.174145183112442814e-02
2.176013427539495379e-02
2.177731837535089310e-02
2.179300074348061722e-02
2.180717809603795188e-02
2.182021831492304137e-02
2.183519315285881168e-02
2.184864921635853996e-02
2.186058330908513536e-02
2.187099241704927935e-02
2.187987372244167006e-02
2.188722461677729964e-02
2.189304271335328761e-02
2.190060372157662943e-02
2.190721910568748515e-02
2.191228776682636881e-02
2.191580782055099763e-02
2.191777765748555151e-02
2.191819595200782816e-02
2.192084728683313388e-02
2.192205772937307409e-02
2.192170379882821263e-02
2.191978488574636286e-02
2.191630070094678293e-02
2.191168894669880823e-02
2.190900253756654370e-02
2.190473939351495272e-02
2.189890006681737347e-02
2.189148545433984572e-02
2.188249680037744963e-02
2.187193569899126971e-02
2.189022552291533183e-02
2.193393097933295233e-02
2.197596106919975228e-02
2.201631048141830180e-02
2.205497431978770823e-02
2.209194810583832436e-02
2.212722778121801320e-02
2.216080970964106819e-02
2.219269067840830278e-02
2.222436792179875720e-02
2.225658422245267026e-02
2.228708884626722300e-02
2.231587967572564585e-02
2.234295502331596489e-02
2.236831363089494124e-02
2.239195466869086520e-02
2.243481354212603293e-02
2.250504467408426940e-02
2.257357503637600141e-02
2.264039639350911431e-02
2.270685728357166658e-02
2.277358367921504881e-02
2.283858738399122471e-02
2.290186141134270548e-02
2.296339926622622055e-02
2.302319494387296619e-02
2.308124292822971366e-02
2.314009753449197682e-02
2.319806903577904811e-02
2.325428324943534103e-02
2.330873591551233664e-02
2.336173596826019230e-02
2.341612370945011720e-02
2.346874229328669778e-02
2.352179053470043052e-02
2.358081272824104346e-02
2.364148241543701304e-02
2.370070565227947249e-02
2.375815703232616108e-02
2.381485634876489774e-02
2.387215291721959606e-02
2.392767190406477895e-02
2.398141078132538795e-02
2.403336749363984073e-02
2.408354045346340275e-02
2.413192853608433011e-02
2.417993128818915829e-02
2.422820643106994229e-02
2.427469501456456374e-02
2.431939709615249176e-02
2.436231317621610770e-02
2.440344419222573169e-02
2.444279151278850454e-02
2.448035693157149875e-02
2.451614266110441892e-02
2.455066020989413178e-02
2.458641394633486604e-02
2.462039124495099193e-02
2.465259537735159379e-02
2.468303000969188088e-02
2.471169919598528719e-02
2.473860737134055479e-02
2.476375934513088198e-02
2.478716029410311938e-02
2.480881575543130921e-02
2.482873161972280751e-02
2.485043072594503299e-02
2.487042245453949946e-02
2.488868316257491012e-02
2.490521961658886951e-02
2.492003890965070398e-02
2.493314845421786344e-02
2.494455597497744967e-02
2.495426950168006322e-02
2.496229736196944882e-02
2.496864817421307753e-02
2.497611028247967088e-02
2.498265435010910140e-02
2.498753368665853139e-02
2.499075761286500760e-02
2.499233571306784529e-02
2.499227782811859477e-02
2.499059404831804887e-02
2.498729470638364619e-02
2.498239037044951150e-02
2.497589183710460445e-02
2.497066939596044588e-02
2.496448348339515289e-02
2.495671850068485742e-02
2.494738577655205430e-02
2.493649684226201951e-02
2.492406342490125631e-02
2.491009744070965190e-02
2.489461098846960582e-02
2.487761634295444779e-02
2.486106606656940041e-02
2.484449155063907927e-02
2.482642570272254601e-02
2.480688118831583105e-02
2.478587082488146673e-02
2.476340757563064154e-02
2.473950454337535756e-02
2.471417496445235673e-02
2.469009802565467690e-02
2.466527286286419526e-02
2.463903903832136838e-02
2.461141006592251074e-02
2.458239957111220744e-02
2.455228166819875199e-02
