1.541304716612897918e-01
1.486741930907421738e-01
1.554537034195497824e-01
1.623546582764725799e-01
1.794968740442527688e-01
1.828947418818283877e-01
1.940912520856055701e-01
2.210201057589744611e-01
3.439163880818493779e-01
4.044680041721838704e-01
2.886273920872029497e-01
3.171980953687340565e-01
3.103003262191464384e-01
3.748763812154110586e-01
3.402944351658879762e-01
3.651399917587498933e-01
4.357482230217530339e-01
4.214691607744878721e-01
4.423435984690978207e-01
4.661933472858897365e-01
5.012453596780267473e-01
5.710462426579719919e-01
5.643405790896323104e-01
5.157816714806268132e-01
4.819331700125994988e-01
4.696337832186494587e-01
4.734213580594847648e-01
5.310375018518687096e-01
5.005400533522530448e-01
4.063419888736617969e-01
4.153520747203420793e-01
4.137231937908187329e-01
4.124855782555108541e-01
4.029757160823159157e-01
4.059592513145348636e-01
4.018334741897404139e-01
4.467396791110465615e-01
4.785686954734030274e-01
4.780489352636295708e-01
4.659034483209445465e-01
4.416136729308808295e-01
3.974652027928661235e-01
3.683912924655205479e-01
3.743936797879394707e-01
3.878507220229639452e-01
4.079159460558118289e-01
4.212793255665169823e-01
4.327579952851958178e-01
4.338220171931646552e-01
4.357182446682082433e-01
4.280813624816701135e-01
4.029498370938439655e-01
3.712768942968201480e-01
3.397622832231777523e-01
3.154980443398394119e-01
2.903454863759352134e-01
2.699831116262952357e-01
2.496075814900639012e-01
2.327525180782618608e-01
2.250191516256428992e-01
2.338937629815854569e-01
2.428481567368001859e-01
2.442855028754367108e-01
2.420417720038191833e-01
2.504103665493291886e-01
2.592826802507558481e-01
2.638311139961940222e-01
2.632810317240247833e-01
2.569223727034216087e-01
2.593840954289609591e-01
2.704349497767437605e-01
2.727817555810898020e-01
2.685000126793606334e-01
2.599258237879109590e-01
2.521694215026460406e-01
2.447395365062223493e-01
2.405831670575434567e-01
2.441627095993195717e-01
2.481364063481347471e-01
2.538136290729848810e-01
2.590220372290527595e-01
2.652543744312881868e-01
2.710507127460747845e-01
2.778672117415951215e-01
2.844683881706633333e-01
2.917468152459662400e-01
2.987447424436645016e-01
3.042394601919765074e-01
3.077134965840432335e-01
3.085546097213557326e-01
3.062039729500285468e-01
3.001994722266884685e-01
3.000394483128560608e-01
3.055278469767478411e-01
3.098152779520905731e-01
3.125738565658149337e-01
3.152369367517258159e-01
3.176116730539609856e-01
3.196542924942148978e-01
3.212106406325222485e-01
3.219515110660866042e-01
3.224399784048723183e-01
3.214839132377810826e-01
3.197849789090352890e-01
3.172428653892445105e-01
3.143369369135907143e-01
3.104819548876397439e-01
3.073043655439503530e-01
3.034799058708676500e-01
2.992323466652467845e-01
2.958960630330332853e-01
2.924797226834704444e-01
2.891264744461961578e-01
2.859688448794167615e-01
2.838511562365509389e-01
2.820072021573142851e-01
2.802614810689902369e-01
2.784966087105849586e-01
2.770519754602661644e-01
2.859938666692439235e-01
2.947755869947204510e-01
3.029574290634811096e-01
3.099453947530954601e-01
3.161432090808487527e-01
3.209909145951566067e-01
3.249907328798627426e-01
3.274945383333908722e-01
3.293707229847014917e-01
3.295562615462965250e-01
3.296688261338001635e-01
3.284775891374321355e-01
3.267008300831845125e-01
3.247921301723439846e-01
3.224887226850452482e-01
3.200394819331180973e-01
3.174567845175133018e-01
3.148814437028228386e-01
3.122502697208724420e-01
3.092069670230933598e-01
3.057895047763211638e-01
3.021072577713374563e-01
2.984787455100109677e-01
2.945858710380925283e-01
2.904041905488840003e-01
2.858392687683800060e-01
2.807903322623172548e-01
2.752407247670580759e-01
2.695643309879826033e-01
2.634736308805520899e-01
2.570959635726202674e-01
2.506153249672297134e-01
2.441682402612565805e-01
2.377434244198322333e-01
2.312017129192591447e-01
2.244190542671674060e-01
2.175471927939338079e-01
2.107478656598228695e-01
2.039058477302487238e-01
1.971875360261246268e-01
1.906981423105310602e-01
1.845430573757828596e-01
1.787209226117875416e-01
1.731472207605238844e-01
1.677425078409877368e-01
1.627694487778777177e-01
1.578778020344537847e-01
1.534251289736517088e-01
1.491095694848224851e-01
1.457285340847425115e-01
1.449870709810779090e-01
1.438503398218268226e-01
1.421979231521098286e-01
1.400918408315429409e-01
1.377609083845147131e-01
1.349976890355871484e-01
1.321785231579174213e-01
1.290507437785690381e-01
1.258703041681607515e-01
1.225583432563171343e-01
1.203997470076645648e-01
1.196699266230217967e-01
1.190471769149922393e-01
1.184857410797736932e-01
1.180695177311807537e-01
1.176646303347880923e-01
1.171824573257696650e-01
1.167673303108232724e-01
1.162057321232625728e-01
1.155545667567293988e-01
1.147893594249720511e-01
1.138233073053389888e-01
1.127650255817356229e-01
1.114994144217273941e-01
1.101004455043873426e-01
1.085709598838017903e-01
1.080699654732235476e-01
1.080540228359863492e-01
1.079396920050827990e-01
1.084982012440785237e-01
1.098798865548512999e-01
1.110462613730732739e-01
1.118785416216971917e-01
1.123507528929549720e-01
1.124998002102216010e-01
1.123089626108493833e-01
1.117287047169425174e-01
1.108422858798038119e-01
1.097337773452717602e-01
1.084236082343947305e-01
1.069455850653603241e-01
1.052418482446681042e-01
1.033761048228341584e-01
1.013235010656619167e-01
9.919614190405191823e-02
9.691691346767124238e-02
9.465770053471922463e-02
9.237270663358695955e-02
9.007760667490637141e-02
8.786544267716660250e-02
8.576024420484726352e-02
8.374970740937866254e-02
8.192220958582570323e-02
8.089941190671622040e-02
7.990960278305556108e-02
7.895379364517227105e-02
7.803277449985111802e-02
7.714714745291871567e-02
7.629733416004311208e-02
7.548356133848937999e-02
7.471175284341527445e-02
7.412658576179932679e-02
7.409170516985739974e-02
7.417443359611021469e-02
7.432660865213766566e-02
7.461966319672880266e-02
7.508065795166862788e-02
7.585869725726682167e-02
7.673398884435450595e-02
7.768650002470829652e-02
7.869502240637363255e-02
7.973725414392272837e-02
8.078991711537479581e-02
8.185268378567893410e-02
8.293812965783170510e-02
8.396947374709723411e-02
8.492154629855216963e-02
8.581418190230283294e-02
8.665353653864854566e-02
8.734941123463309254e-02
8.792680598644300738e-02
8.841281074001844376e-02
8.870185346759451583e-02
8.892848380851535450e-02
8.899311215825429777e-02
8.952892459778556689e-02
9.041888283410623450e-02
9.123467094987965098e-02
9.185966146193773330e-02
9.237348412904945738e-02
9.272363101474485891e-02
9.291110762137128054e-02
9.298600350373439904e-02
9.286473488883383032e-02
9.267445988768995002e-02
9.230445290463296093e-02
9.183843648220572919e-02
9.125198313299293096e-02
9.053804842830430466e-02
8.977546790550676448e-02
8.888881590830184642e-02
8.794688112429584204e-02
8.695698178158005331e-02
8.588776613226604961e-02
8.479601247852391888e-02
8.369765497202664994e-02
8.256306668151471018e-02
8.140740590317017966e-02
8.029943026004948692e-02
7.920212544264426668e-02
7.811745299548347732e-02
7.705625222779262373e-02
7.603922038671424855e-02
7.509607953933954139e-02
7.419715269445144312e-02
7.334834649119804928e-02
7.255426731380569538e-02
7.181826303719690552e-02
7.114333533263436649e-02
7.056006745179249640e-02
7.003681937787320511e-02
6.957290443458365170e-02
6.916666795711806648e-02
6.881555321582681628e-02
6.851616753841340002e-02
6.827401786640487080e-02
6.809811494832099243e-02
6.796065074455462374e-02
6.785579536717814553e-02
6.777718309478095171e-02
6.773300700537090990e-02
6.772861973896480980e-02
6.773096779709217308e-02
6.773233094408548371e-02
6.776582668376811280e-02
6.779367190825023870e-02
6.779871717532481856e-02
6.782884899519252275e-02
6.782397325352368389e-02
6.780791705395933233e-02
6.777087214623837841e-02
6.838445817501656587e-02
6.919054708252618535e-02
6.999179894691177906e-02
7.081109431729215586e-02
7.160841257931310766e-02
7.239965733661211933e-02
7.317984403787317071e-02
7.391896093693692271e-02
7.465215047341863808e-02
7.534551040989588555e-02
7.598031505092021909e-02
7.660777677543785524e-02
7.717173030007333512e-02
7.767120093177255769e-02
7.815162897803412667e-02
7.855122098698663624e-02
7.890279497841840017e-02
7.920232229353192654e-02
7.941950302656053395e-02
7.961223768514368027e-02
7.971163240542848694e-02
7.978340784825681264e-02
7.976973880079504808e-02
7.971640593539093544e-02
7.958928661091128898e-02
7.940382129331230443e-02
7.916516417533688010e-02
7.884103949239007481e-02
7.849484688793363640e-02
7.805800415194133479e-02
7.759275357716056976e-02
7.705804566892741903e-02
7.648250096222829197e-02
7.585788902144260937e-02
7.518604977132038736e-02
7.448040806345077036e-02
7.372535986910334904e-02
7.294815869322811286e-02
7.212319141550579960e-02
7.128418418126640510e-02
7.040704832854230433e-02
6.951595533572771379e-02
6.926113902495577290e-02
6.933105768120195744e-02
6.936696718959420305e-02
6.937464982524828294e-02
6.938833963443453989e-02
6.937381619997902427e-02
6.933325445171531487e-02
6.927930435039596213e-02
6.922952503345100594e-02
6.915913775932616692e-02
6.907012379135565872e-02
6.896439142464397265e-02
6.887561111128383262e-02
6.877493651170775435e-02
6.866195109336721558e-02
6.853821164424557522e-02
6.842802039055367880e-02
6.831791174314955084e-02
6.820039652109405326e-02
6.808744395824167794e-02
6.798800272903093855e-02
6.788368696160493321e-02
6.779618821971809817e-02
6.771291454397106169e-02
6.763159823825068417e-02
6.757044811596188416e-02
6.750676560151883110e-02
6.745892485958397689e-02
6.741833406848470045e-02
6.738673696190679296e-02
6.736917022413906053e-02
6.736020244534596246e-02
6.736521265680922577e-02
6.737981235044039618e-02
6.740664346388772210e-02
6.743984834945619677e-02
6.748750732433811406e-02
6.753192831984471123e-02
6.759569958988706495e-02
6.765908826031663548e-02
6.771815340367486058e-02
6.779859997744983047e-02
6.787437787522479504e-02
6.794448449497306197e-02
6.803533229657787729e-02
6.811960966989108468e-02
6.820631398693022263e-02
6.830305050989987636e-02
6.839423474949712922e-02
6.850164606944568468e-02
6.860074657121328912e-02
6.871702547902082403e-02
6.882714181712534796e-02
6.900990220655406349e-02
6.923646038220390708e-02
6.946144611470368713e-02
6.968421175488695440e-02
6.990423705766898865e-02
7.013035511966686508e-02
7.035942179657811435e-02
7.058445330817282592e-02
7.080496531871584287e-02
7.102048508738845189e-02
7.124176233442723605e-02
7.146315648299511603e-02
7.167841340975332487e-02
7.188710833816144841e-02
7.208883079631349389e-02
7.229998769573832418e-02
7.250490547102576844e-02
7.270187672971911708e-02
7.289054390687292606e-02
7.308381219951749774e-02
7.327395566720473763e-02
7.345495666368041798e-02
7.362651075970694237e-02
7.380666963917467682e-02
7.397823645513391944e-02
7.413964844174003588e-02
7.430307210883024815e-02
7.446362896487108973e-02
7.461341067173894726e-02
7.476351125747207615e-02
7.491167342824486819e-02
7.504852220193079793e-02
7.517984567231389414e-02
7.531444372895643169e-02
7.543726635597054753e-02
7.554815862560285145e-02
7.566379669807291042e-02
7.577169541946356113e-02
7.586730131662608456e-02
7.596628678421256387e-02
7.605847964790148075e-02
7.615096158351510047e-02
7.623947953793372423e-02
7.633304225517316410e-02
7.641761253915393959e-02
7.649531818398840055e-02
7.657576483635901432e-02
7.664317893164050710e-02
7.669751367416816068e-02
7.674973238723477309e-02
7.679969222730442802e-02
7.683644751194139422e-02
7.685998445322372863e-02
7.687404020954727302e-02
7.689312878103017612e-02
7.689894272114251861e-02
7.689149911299907048e-02
7.687520238942634199e-02
7.686331430067946946e-02
7.683817661971485691e-02
7.679983530388832802e-02
7.676621179931740480e-02
7.672347768107976029e-02
7.666760803532519930e-02
7.661523111402361585e-02
7.655505265522546954e-02
7.648184570071110688e-02
7.641622728938399223e-02
7.633881581156354290e-02
7.625397414449364142e-02
7.617242799563121725e-02
7.607806232182008632e-02
7.598264578370197975e-02
7.588430244799511393e-02
7.578012548903378942e-02
7.567786365684028849e-02
7.558228645746527252e-02
7.548819789724191265e-02
7.539055769591195000e-02
7.529063552422947392e-02
7.518904794987130158e-02
7.507512086618281510e-02
7.496690880687388592e-02
7.484928873935954574e-02
7.473272864465251020e-02
7.461184709484698641e-02
7.449908060966618784e-02
7.438479021092617161e-02
7.427429098038691724e-02
7.417791418149324856e-02
7.410000576909465952e-02
7.403263998446628358e-02
7.396846823658966008e-02
7.390545313882311562e-02
7.383701174928228306e-02
7.376298328647808156e-02
7.369043931425001137e-02
7.360621935243880087e-02
7.352212952865382067e-02
7.343418759390053785e-02
7.333493060326394530e-02
7.322846711978261980e-02
7.312593905131091476e-02
7.301247288598831930e-02
7.288826217160476739e-02
7.275460406708432470e-02
7.262783688302321128e-02
7.249072063741482386e-02
7.234345707585181084e-02
7.219035260177462943e-02
7.204124189745869655e-02
7.188239240646603079e-02
7.171570079305795986e-02
7.155546804482411372e-02
7.138591070005964601e-02
7.120842628504647776e-02
7.103794314933090104e-02
7.085855274542582349e-02
7.067606287578094559e-02
7.049618329116542903e-02
7.031218153765986245e-02
7.013199670417030740e-02
6.994495022137220408e-02
6.976464929285468297e-02
6.957627222277446011e-02
6.938684713635098755e-02
6.919877480552216742e-02
6.900303806280813634e-02
6.881420258046001825e-02
6.861917280044001199e-02
6.842382501673864581e-02
6.822969412595783489e-02
6.802850112009418970e-02
6.782749321152251043e-02
6.762760807950406183e-02
6.742105312211178758e-02
6.720839991694885218e-02
6.700357002557860708e-02
6.679245200248504211e-02
6.657523873587409269e-02
6.635529484850752335e-02
6.614039864131598945e-02
6.591977166189912085e-02
6.569359965031421056e-02
6.546346132062866308e-02
6.524017114693825281e-02
6.501168073807278569e-02
6.477816767109370599e-02
6.453980714291925047e-02
6.430629549021196767e-02
6.407149302464253127e-02
6.383215972659284088e-02
6.358846159885656046e-02
6.334156343915468834e-02
6.310189943758626185e-02
6.285816385822438901e-02
6.261051296808901878e-02
6.235910020492681227e-02
6.210549339213906894e-02
6.185866488354364867e-02
6.160833629126552524e-02
6.135465086130981183e-02
6.109774887988299319e-02
6.083926007268529446e-02
6.058740474445497431e-02
6.033256265607222363e-02
6.007486372647991013e-02
5.981443486431698570e-02
5.955855921644068879e-02
5.930353266282034630e-02
5.904597432046373301e-02
5.878600079808987688e-02
5.853186835853975423e-02
5.827748982022543101e-02
5.802087069320763929e-02
5.776211749712742427e-02
5.750882504228819331e-02
5.725581942288917453e-02
5.700083158354814217e-02
5.674395826779918967e-02
5.648562819918769712e-02
5.623463394954765493e-02
5.598188426043899935e-02
5.572746649754858200e-02
5.547146529872923337e-02
5.521396260427464259e-02
5.496195626273338297e-02
5.471048358701898623e-02
5.445760651214965470e-02
5.420339833671525276e-02
5.394792983631592487e-02
5.369573495805887026e-02
5.344634689697808777e-02
5.319577149522139448e-02
