3.119742030994607784e-01
3.292325375469379867e-01
3.405287236074528434e-01
3.911048476658549600e-01
4.340196289581119693e-01
5.173603883708721707e-01
4.950551745958545746e-01
4.909879628040482169e-01
6.170837631421983716e-01
7.908786438448722755e-01
7.751425181328887026e-01
7.925688575455331897e-01
8.517679723242723711e-01
8.350245479522812042e-01
8.701726825504240148e-01
7.177362252074463989e-01
6.858928282722409620e-01
9.014292815195653619e-01
8.462938179425875118e-01
6.887974339482334507e-01
6.479214944861070302e-01
6.615684656012311704e-01
6.138150080798481234e-01
5.749468600076067526e-01
5.695911378080406040e-01
7.046126673147319330e-01
7.179499618083977630e-01
7.430971003929677243e-01
6.831713844049371875e-01
7.746901061792090815e-01
8.144087131585012740e-01
8.117938511298550264e-01
7.842542460437245122e-01
7.962350996088212174e-01
7.337474878598848615e-01
6.752284206554093338e-01
7.075236646890656900e-01
7.824750242749428653e-01
7.655627989288776858e-01
8.336411158698170398e-01
8.185402665175041115e-01
8.319935652212185895e-01
8.475918976301124452e-01
8.547381334347841086e-01
8.747389961876568254e-01
8.872133131520684168e-01
9.023099433838921435e-01
9.151009775955429859e-01
9.127081090644156847e-01
8.879335823758290891e-01
8.418833058928620883e-01
7.874975240008875721e-01
7.364239585609415606e-01
6.941638642206318099e-01
6.605782279430736370e-01
6.366635762034990043e-01
6.227659140068262378e-01
6.232696090381156795e-01
6.323271555130109967e-01
6.483530909064965098e-01
6.638858258057335204e-01
6.759810707430649046e-01
6.933457616459890449e-01
7.066363146033650677e-01
7.155202789326956525e-01
7.204461233127603670e-01
7.219996632127122504e-01
7.196415032910201681e-01
7.132635067354112790e-01
7.126624064449831319e-01
7.172647141021292194e-01
7.187818933780792952e-01
7.163012023088907165e-01
7.126115368828466190e-01
7.053773793614396270e-01
6.975285987219983497e-01
6.869628356639877476e-01
6.739149197039857597e-01
6.593393539952783211e-01
6.419239492258163038e-01
6.218951818504765416e-01
5.993784851498967781e-01
5.797516951477280633e-01
5.822013150988990526e-01
5.832832579339165546e-01
5.869309997149457780e-01
5.930472064386876907e-01
5.975667517380308658e-01
5.961616260991609018e-01
5.866623005206814678e-01
5.712541561059322204e-01
5.495784062305635320e-01
5.257029121569333219e-01
5.173187254513547106e-01
5.046331541727525627e-01
4.842211835957651034e-01
4.565637627420585098e-01
4.221094467350557933e-01
3.833237157007856610e-01
3.433191772935331176e-01
3.048300868280394704e-01
2.768229836475070704e-01
2.616350074339217069e-01
2.620048348416033068e-01
2.655885746658482316e-01
2.671730902237701155e-01
2.658324724218604218e-01
2.614421154095733502e-01
2.544124496717865558e-01
2.453433354002897970e-01
2.351386432470075616e-01
2.356308785001935691e-01
2.396450199407423320e-01
2.424884067081040651e-01
2.444064946064063160e-01
2.454171683048385344e-01
2.456979153553669748e-01
2.455338755440073517e-01
2.451384836459742644e-01
2.443819675263912139e-01
2.427574880517740785e-01
2.396437239431772614e-01
2.352043002726073584e-01
2.384820639289507160e-01
2.399228751085901723e-01
2.397957696247020321e-01
2.385901619197433599e-01
2.367110810280196598e-01
2.344229812299317983e-01
2.318478222419274593e-01
2.288546177480911270e-01
2.254293267275344070e-01
2.214614999761251313e-01
2.169329199442977807e-01
2.145188977611330872e-01
2.126942625358356764e-01
2.109986900091800899e-01
2.099788715749832391e-01
2.099686886608193581e-01
2.180013290693808281e-01
2.267845414088063560e-01
2.349734276962170409e-01
2.423033800657294623e-01
2.486008335072071307e-01
2.540086715335369005e-01
2.588650784350574607e-01
2.633973778307727165e-01
2.679015166639986401e-01
2.725848938260044818e-01
2.774752367120612018e-01
2.822439367159281787e-01
2.866136896595370964e-01
2.900804541123746527e-01
2.923208203370777913e-01
2.933825161936466364e-01
2.996364722709108919e-01
3.041242443637070525e-01
3.066236372337299843e-01
3.071769868535352832e-01
3.059616918126570884e-01
3.031922452945917668e-01
2.995730457023298987e-01
3.008913173640156979e-01
3.006933675403967166e-01
2.991226645827141373e-01
2.965154768914487482e-01
2.929074648996538577e-01
2.883205964925661391e-01
2.826711623849239019e-01
2.758515434741700134e-01
2.760704092939967880e-01
2.760879189131882350e-01
2.754270393155463514e-01
2.737469620160782324e-01
2.708530359564316203e-01
2.667120443015381648e-01
2.614328024005936335e-01
2.553468014425802624e-01
2.495674793711941120e-01
2.446421874649301609e-01
2.395853916990281218e-01
2.343880942113830412e-01
2.289046450601598115e-01
2.231025822792601920e-01
2.169108435932835255e-01
2.135231580572758692e-01
2.100713277402526669e-01
2.082164381137940612e-01
2.088314724386556576e-01
2.089020418183303307e-01
2.084762317994155179e-01
2.075963542877932166e-01
2.063715089519287393e-01
2.049809253606052484e-01
2.036313087571790803e-01
2.025247939750142168e-01
2.018326333332402522e-01
2.017197358138860253e-01
2.036829391945688961e-01
2.061617617668992097e-01
2.101910023489226564e-01
2.143977622259764237e-01
2.179797630794177987e-01
2.207108480274662388e-01
2.223544906087069339e-01
2.228202286533853271e-01
2.222516904068460586e-01
2.207493314645591342e-01
2.185862031304162401e-01
2.160998207746018807e-01
2.135365980478878545e-01
2.110967011664789117e-01
2.088922960665312856e-01
2.069324317921492906e-01
2.051514869994766899e-01
2.034333679322561927e-01
2.016487036435002655e-01
1.997091420162566411e-01
1.975773825272915674e-01
1.952677994870870293e-01
1.928371265747595709e-01
1.903694575840428338e-01
1.879568234861720699e-01
1.856815636383585544e-01
1.836350483537282086e-01
1.818147143170063817e-01
1.802070298035939044e-01
1.787748682399242783e-01
1.774630556802437864e-01
1.762060960721247571e-01
1.752249679826684836e-01
1.758955371497037123e-01
1.765298432398380302e-01
1.770936766241839044e-01
1.775473046888244588e-01
1.778701131940928770e-01
1.780611291578773070e-01
1.781254491310668153e-01
1.780692774255150657e-01
1.778951672374889381e-01
1.775997638356178743e-01
1.771807050127200411e-01
1.766282137879606196e-01
1.759245915015655026e-01
1.751672314584010182e-01
1.759524755029935050e-01
1.765519276722686270e-01
1.769809548277969657e-01
1.772860801786683427e-01
1.775269113650937980e-01
1.777414975143815912e-01
1.779954645820340242e-01
1.783963581748140570e-01
1.789526515138549212e-01
1.797171760850120870e-01
1.807306254987350591e-01
1.819563644065991248e-01
1.834081709761170020e-01
1.850341577608402566e-01
1.867737463888145821e-01
1.885792343612788802e-01
1.904119420838221166e-01
1.921921476754404612e-01
1.948115250380068331e-01
1.976847518822754668e-01
2.004124144449878075e-01
2.029582850215829459e-01
2.052885005253541340e-01
2.073543358057749197e-01
2.091250533660177768e-01
2.105725138199565638e-01
2.116744492253592180e-01
2.124157718927483784e-01
2.127885241178556208e-01
2.127942103219881420e-01
2.124467035385154412e-01
2.117723393837542267e-01
2.108084998292782120e-01
2.096026095236066533e-01
2.082106064637537779e-01
2.066956136241167308e-01
2.051247630189340643e-01
2.035630880869019332e-01
2.020905286574803117e-01
2.007551046236527303e-01
1.995922670140228838e-01
1.986715332723039684e-01
1.979868724731653207e-01
1.975734472761198623e-01
1.974128129502004947e-01
1.975095665456565452e-01
1.978290484253291404e-01
1.983531748774204628e-01
1.990487826534977078e-01
1.998699782925993096e-01
2.008139761643235599e-01
2.018240940161904196e-01
2.028778707222084476e-01
2.039588477024518176e-01
2.050555822268785855e-01
2.061417052624802404e-01
2.072062056859090562e-01
2.082408398740425437e-01
2.092387703019698286e-01
2.101939781666102847e-01
2.111008597539069109e-01
2.119537775742760810e-01
2.127465242702299697e-01
2.134724077455994184e-01
2.141254309921455101e-01
2.147003965607769682e-01
2.151921800053749612e-01
2.155949093926113613e-01
2.159088132735110521e-01
2.161247114380181467e-01
2.162374140021336433e-01
2.162435627496966661e-01
2.161395439440964017e-01
2.159205643250568796e-01
2.155808096410727348e-01
2.151227125097157356e-01
2.145399374042814555e-01
2.138191389655693386e-01
2.129529335738810647e-01
2.119322728312321158e-01
2.107466629870902997e-01
2.093995112783322010e-01
2.078689811697941314e-01
2.061423256083570466e-01
2.042114262414821968e-01
2.020695886880113923e-01
1.997116906623460919e-01
1.971424269292334219e-01
1.943681767286499773e-01
1.913865775090488608e-01
1.882074070319374182e-01
1.848446201240835363e-01
1.813164794028507276e-01
1.776454642425031316e-01
1.738583703447532935e-01
1.699851434132413353e-01
1.660569251603606633e-01
1.621059573629088646e-01
1.581660285899915974e-01
1.542709815844212073e-01
1.504524533639946260e-01
1.467421861889673385e-01
1.431839297356335139e-01
1.397851062767992980e-01
1.365902771981836183e-01
1.336005087351797849e-01
1.308505479321938891e-01
1.283477051404083302e-01
1.260469365255250940e-01
1.240009433221371526e-01
1.221904105001651308e-01
1.205921982069518977e-01
1.191872221236655732e-01
1.179524254665878236e-01
1.168690563140483418e-01
1.160093248494448726e-01
1.153576221851789069e-01
1.148460985786677879e-01
1.144492063921362796e-01
1.141402742850335661e-01
1.138975415927299395e-01
1.136979170856956961e-01
1.135093961634612569e-01
1.133235779087883172e-01
1.131080734788436210e-01
1.128605263370809492e-01
1.125533358067205697e-01
1.121855077683551194e-01
1.117437116133760400e-01
1.112172564826564986e-01
1.106126114486790657e-01
1.099214291505347108e-01
1.091412234600114411e-01
1.082800964633942042e-01
1.073415402151273873e-01
1.063239980505030630e-01
1.052384172602357920e-01
1.040937673190578810e-01
1.028880589387714262e-01
1.016424966778562006e-01
1.003540062186765169e-01
9.903729996613055975e-02
9.769773051503988226e-02
9.634518302798032729e-02
9.498393562105796051e-02
9.362729219138182790e-02
9.227084021661703661e-02
9.093520281173553266e-02
8.961191543086259592e-02
8.830739978719019667e-02
8.703204118273079326e-02
8.577780805346425785e-02
8.454613106721457771e-02
8.334756576637425418e-02
8.217034541864470798e-02
8.101279810739586695e-02
7.987598303772283637e-02
7.875876129799613823e-02
7.765116156960955029e-02
7.654874411862196137e-02
7.545231354962757264e-02
7.435457141958727589e-02
7.324670344491478191e-02
7.212349254130874521e-02
7.098858091550440397e-02
7.036996636229293778e-02
6.973298257899659958e-02
6.905839536281027646e-02
6.834315298184465148e-02
6.863094418917543849e-02
6.965362071873396066e-02
7.060075035914405162e-02
7.147080143211731462e-02
7.226208448677251539e-02
7.297566312933592703e-02
7.361299433031040507e-02
7.417660955691543490e-02
7.466856148584424813e-02
7.509385715809810402e-02
7.545443120070659260e-02
7.575589381642107434e-02
7.600916991904287101e-02
7.686533854459788595e-02
7.867255216630163195e-02
8.044451705885158344e-02
8.218056782646072922e-02
8.388159783793186497e-02
8.555064629171103829e-02
8.719012028899697508e-02
8.880215737175684021e-02
9.039182002789310222e-02
9.196608636766896716e-02
9.352334388857355685e-02
9.506823649999651682e-02
9.660645991865901561e-02
9.813508136152679362e-02
9.966057244415710281e-02
1.011773452393706502e-01
1.026887423227948876e-01
1.041877098864437551e-01
1.056714740283485054e-01
1.071332142992709180e-01
1.085744789995670978e-01
1.099834710377918801e-01
1.113510773398315168e-01
1.126727330533063148e-01
1.139324416195995199e-01
1.151206132125178749e-01
1.162299969005929079e-01
1.172467666152935128e-01
1.181651950899313686e-01
1.189798015487304600e-01
1.196776963341043831e-01
1.202513090956318920e-01
1.207026288589913982e-01
1.210202551385395758e-01
1.212010074980696822e-01
1.212470368767761680e-01
1.211617236074146037e-01
1.209420588366606764e-01
1.205909279161066355e-01
1.201140751276821295e-01
1.195180779886100553e-01
1.188110412397145876e-01
1.179967290047487932e-01
1.170821444364321534e-01
1.160777396496891350e-01
1.152417846192505257e-01
1.145896162255964912e-01
1.138496626887575552e-01
1.130257838449824498e-01
1.121258489014765186e-01
1.111650958322529664e-01
1.101470984497473632e-01
1.091564378207737357e-01
1.082047473523626568e-01
1.072393176045004642e-01
1.062678000251422034e-01
1.052957847991985857e-01
1.043353493465561665e-01
1.033915543204804444e-01
1.024712064758815100e-01
1.015841028405501389e-01
1.007353241209253542e-01
9.992994334719680627e-02
9.917405787560716612e-02
9.847242441325498863e-02
9.782852979470840760e-02
9.724652784589261911e-02
9.672882921324550687e-02
9.627515825917837278e-02
9.588517554080643046e-02
9.555917995371492057e-02
9.529812702160321558e-02
9.509592232368260789e-02
9.495020906838248786e-02
9.486140452346696061e-02
9.482043985626538440e-02
9.482216423240116820e-02
9.486536657563425512e-02
9.494121137431717206e-02
9.504359586446795016e-02
9.516626814402052992e-02
9.530254221859030261e-02
9.544737926499011205e-02
9.559342360472811162e-02
9.573365829590617382e-02
9.586215143838887343e-02
9.597325011791232874e-02
9.606153768805447690e-02
9.612190304133266805e-02
9.614969515185910198e-02
9.614213592547692089e-02
9.609411325901744128e-02
9.600223253441006466e-02
9.586350649655082934e-02
9.567563924383060137e-02
9.543812717944877289e-02
9.515239833204171271e-02
9.481505943390428071e-02
9.442602163969321394e-02
9.398933485493554674e-02
9.350369915843700919e-02
9.296914134081396552e-02
9.238994229439456696e-02
9.176770829345444469e-02
9.110247703147072995e-02
9.039835550524547014e-02
8.966086453417863866e-02
8.889009698873649723e-02
8.809355770972567001e-02
8.727140504260832987e-02
8.642926167490100342e-02
8.556990828689474415e-02
8.469639928037372978e-02
8.381130539898656862e-02
8.291618749375810615e-02
8.201635343319536864e-02
8.111112117362156981e-02
8.020436698575152124e-02
7.929876659010899609e-02
7.839462035509184301e-02
7.749400713594319090e-02
7.659902518534475457e-02
7.571151098901152121e-02
7.483300308624306341e-02
7.396503479726324048e-02
7.310912598387948880e-02
7.226666049851308837e-02
7.143889814747630962e-02
7.062748407662723660e-02
6.983536998466982615e-02
6.906151453138072160e-02
6.830727119690792326e-02
6.757640732507626258e-02
6.686653435225797804e-02
6.618286304847798007e-02
6.552254935259319013e-02
6.489093356695008197e-02
6.428524948236408187e-02
6.370917004282203311e-02
6.316282357902540390e-02
6.264601957810392308e-02
6.216150433367438610e-02
6.170933466735362138e-02
6.128907769312502002e-02
6.090124882319256083e-02
6.054809446252447380e-02
6.022796426028476785e-02
5.994046566298251444e-02
5.968526436215763897e-02
5.946290269311692994e-02
5.927243407972038886e-02
5.911186575468449500e-02
5.897992608120198460e-02
5.887618213038543769e-02
5.879928748365832042e-02
5.874599417038590260e-02
5.871457113026281455e-02
5.870504592152013534e-02
5.871244773596890482e-02
5.873588484950169331e-02
5.877311389595159252e-02
5.882041758127727615e-02
5.887742102756489404e-02
5.893941922285018259e-02
5.900585375954747053e-02
5.907317007499640615e-02
5.913879352565700603e-02
5.920235356431842455e-02
5.925930996487056152e-02
5.930883334133504187e-02
5.935007339506676721e-02
5.937975232879565135e-02
