3.701997304855497717e-01
3.803163932380674850e-01
3.712848437333109430e-01
3.812814440025757978e-01
3.724515368435403206e-01
3.962864861776267955e-01
4.327223089822105906e-01
5.509068824259585329e-01
5.270873952126921003e-01
6.144172330383406155e-01
7.584352746797948797e-01
6.815164345779651800e-01
6.987851683015681159e-01
6.539834601861508334e-01
8.315055565937637949e-01
1.115821182383184507e+00
1.358367921466463901e+00
1.422844982375859102e+00
1.361102804768499208e+00
1.253407071958393182e+00
1.168570001390375035e+00
1.367699069599387363e+00
1.820325340025910510e+00
2.099601362923627423e+00
1.885879778639857118e+00
1.697615009843566725e+00
1.389233947908262490e+00
1.284073442114323615e+00
1.420711418095191636e+00
1.199582752827679677e+00
1.016102619926000594e+00
9.558420169095167562e-01
9.689740271330418153e-01
9.993513511141313144e-01
9.569990377851607111e-01
7.885633308165813649e-01
7.989612240497524498e-01
7.925141440701640727e-01
7.738952992684323684e-01
7.500858840302830899e-01
7.260654869427815017e-01
7.492696699102842084e-01
7.850669505173134555e-01
8.009402867910300206e-01
7.943963862081037108e-01
7.652966120873143652e-01
7.161442623829099574e-01
6.524205957828372870e-01
5.816766293310903224e-01
5.397803486256951278e-01
5.247300467041016159e-01
5.035008467082360273e-01
4.785145120964542365e-01
4.515713803832219209e-01
4.277345482665258491e-01
4.038107512459351844e-01
3.839045536678110659e-01
3.787612254919902055e-01
4.060579451351368774e-01
4.348966115090295292e-01
4.606516154384635020e-01
4.785551690295634097e-01
4.848456789196509686e-01
4.773219164307046514e-01
4.554321239372627339e-01
4.208315653384294697e-01
3.763915373801661746e-01
3.556652626690613994e-01
3.345463101135293660e-01
3.273618572227813828e-01
3.327670740050143738e-01
3.391949341520923422e-01
3.476727751819861933e-01
3.563589246272540478e-01
3.627328264809590586e-01
3.660049392070795493e-01
3.660641951847234399e-01
3.630506254911915476e-01
3.576205863608979962e-01
3.500415782533614073e-01
3.411128603358744571e-01
3.312427614280551991e-01
3.208697125367122038e-01
3.103770265790480321e-01
3.000448171203659031e-01
2.900614701854188349e-01
2.805373639865885171e-01
2.715197636474990794e-01
2.630082813705758582e-01
2.549703656134477137e-01
2.473566668759923370e-01
2.401895900967229158e-01
2.334649787086978956e-01
2.310533686044033419e-01
2.339887710264595133e-01
2.367840993885169387e-01
2.393546355049339103e-01
2.415665300428110895e-01
2.434651926429186042e-01
2.450015136462798671e-01
2.461485178979175847e-01
2.468940534392372044e-01
2.472251303270187051e-01
2.471319655933390258e-01
2.466118988976135906e-01
2.456723924893703115e-01
2.443322552515822810e-01
2.426207839191686089e-01
2.405757552183373227e-01
2.382408476459715596e-01
2.356627847552696942e-01
2.328888127959760634e-01
2.299649382637959094e-01
2.269783045496109875e-01
2.239272593513938203e-01
2.208381342503842049e-01
2.177539159569218119e-01
2.147171829757636985e-01
2.224942196865490052e-01
2.306532197989391020e-01
2.381566783618765115e-01
2.449087123953075928e-01
2.509284888935303659e-01
2.562813211288026416e-01
2.610884550771385149e-01
2.655629610022686160e-01
2.699096592121614235e-01
2.742370870299628005e-01
2.785482361054103517e-01
2.827531992198799027e-01
2.868116678899471639e-01
2.906745221217587605e-01
2.943518018071349385e-01
2.978206717507951296e-01
3.011284996833733518e-01
3.042247600374278771e-01
3.070857435502532540e-01
3.096796192564185701e-01
3.119734289686806883e-01
3.139356759673271324e-01
3.155419741723315963e-01
3.167783111666533924e-01
3.176501599416856614e-01
3.182369149311376488e-01
3.186077645392883517e-01
3.189471853009852587e-01
3.194388912260386348e-01
3.201658277944855469e-01
3.210378591540430371e-01
3.217797479463151422e-01
3.221756233022357585e-01
3.221102448386296002e-01
3.214704215748365734e-01
3.202184147917279122e-01
3.183366347858720968e-01
3.158283767914314977e-01
3.127237691758713023e-01
3.090177762557265173e-01
3.047341618255642870e-01
2.999978470543203102e-01
2.949384425521532904e-01
2.898349281985599935e-01
2.871321924790934399e-01
2.872327636492742475e-01
2.869303663728476894e-01
2.864788225635874208e-01
2.884823371926833468e-01
2.903548813941994600e-01
2.920224831366572404e-01
2.934910406705242836e-01
2.947332771053037259e-01
2.957325771025317018e-01
2.964836435922016400e-01
2.969836192325874258e-01
2.972317424005320174e-01
2.972290307213835137e-01
2.969783466740266165e-01
2.964846299599723789e-01
2.957549157105001658e-01
2.947980353672484677e-01
2.936291183863776744e-01
2.922578228529524313e-01
2.906905209843594906e-01
2.889393919383147491e-01
2.870170357376897741e-01
2.849362608123185980e-01
2.827100144025583850e-01
2.803513275718756970e-01
2.778733081986185516e-01
2.753009468823962580e-01
2.726357426861791833e-01
2.698889369295205398e-01
2.670713126054101161e-01
2.641960601021636768e-01
2.612902073085239252e-01
2.583387979577098092e-01
2.553477675518796008e-01
2.523407930865247395e-01
2.493061956932907941e-01
2.462459360599832670e-01
2.431760749040704495e-01
2.401102870520149535e-01
2.370591122395886430e-01
2.340597795493498667e-01
2.312094125477678341e-01
2.289180265706612372e-01
2.269935811992886410e-01
2.251786474834062413e-01
2.233702796787551959e-01
2.215467353248429805e-01
2.196822861244472347e-01
2.177676647445298264e-01
2.158061017563249473e-01
2.138006166078576520e-01
2.117373461551519676e-01
2.096162709105973410e-01
2.074703611900363676e-01
2.052642433663972032e-01
2.030281271664590437e-01
2.007520093798000616e-01
1.984413238877625607e-01
1.961059942254556598e-01
1.937384993544997436e-01
1.913545188286369381e-01
1.889461781328180268e-01
1.865241253813062772e-01
1.840891712113930101e-01
1.816396774627253574e-01
1.791906807660332279e-01
1.767243455837210764e-01
1.742722925911917853e-01
1.718013802423709324e-01
1.693539682365013122e-01
1.668949379215332596e-01
1.644539589530052692e-01
1.620141522340362572e-01
1.595887793552029643e-01
1.571742876091924146e-01
1.547733550170972416e-01
1.523891258028819695e-01
1.500212506564666259e-01
1.479424099389960168e-01
1.464832232991876704e-01
1.450217813510197851e-01
1.450917478550743100e-01
1.463525301318987226e-01
1.475343501292761261e-01
1.486493016160602143e-01
1.497048990334291785e-01
1.507072100287297489e-01
1.516565623785164352e-01
1.525421156158005553e-01
1.533617046991128940e-01
1.541039596747808271e-01
1.547687983895558173e-01
1.553644786848989157e-01
1.558936919167777657e-01
1.563608254302204514e-01
1.567799844743450188e-01
1.571484994594229134e-01
1.574663128307205451e-01
1.577227496073500268e-01
1.579152979559482473e-01
1.580438840282564206e-01
1.581138693208601065e-01
1.581286832262470132e-01
1.580992171939704649e-01
1.580476833045061924e-01
1.579906120499029176e-01
1.579396379218394042e-01
1.579142382465419936e-01
1.579307684185745908e-01
1.579995081634981424e-01
1.581212099091668655e-01
1.582913705917262936e-01
1.584810854028396998e-01
1.586525127943925473e-01
1.587748226840601240e-01
1.588392688702496003e-01
1.588409773891930610e-01
1.587805447319197150e-01
1.586633278238019085e-01
1.584912887756192434e-01
1.582776393479659593e-01
1.580485052839232241e-01
1.578399845750943220e-01
1.576866833973792903e-01
1.575960364615985876e-01
1.575469185740897005e-01
1.575179696046880573e-01
1.574874461282255722e-01
1.574374340573130304e-01
1.573655991607738891e-01
1.572644911500263865e-01
1.571379702149114932e-01
1.569847468584633365e-01
1.568027325747337331e-01
1.565908778126365031e-01
1.563470448918079792e-01
1.560668558046845733e-01
1.557481135898328706e-01
1.553866860931126803e-01
1.549797031417290694e-01
1.545341473917187236e-01
1.540410316787249045e-01
1.535082323982467356e-01
1.529293425178511467e-01
1.523138447694256936e-01
1.516544155145004846e-01
1.509623322296073933e-01
1.502307077318699724e-01
1.494719784311449029e-01
1.486824205478897432e-01
1.478672333058069499e-01
1.470331641722827376e-01
1.461786763009813028e-01
1.453043503062865227e-01
1.444096359208750791e-01
1.434976649070934251e-01
1.425660700427751615e-01
1.416134810406194378e-01
1.406459971367748918e-01
1.396586364279672476e-01
1.386547371994770739e-01
1.376336620447434766e-01
1.365959258495359763e-01
1.355420960892797511e-01
1.344736187348958001e-01
1.333898418474767089e-01
1.322946962583040342e-01
1.311861667296676526e-01
1.300695397561867916e-01
1.289438925157222193e-01
1.278121928051534628e-01
1.266803635506226489e-01
1.255506453743503448e-01
1.245005181173161474e-01
1.235814980032140381e-01
1.226313606324837269e-01
1.216507094383868365e-01
1.206462775932665016e-01
1.196156316331182384e-01
1.185633531627232201e-01
1.174951114187920420e-01
1.164163897206378639e-01
1.153311614697880294e-01
1.142419929497720393e-01
1.131511665677094464e-01
1.120609523640745536e-01
1.110480341878557070e-01
1.100682370977755647e-01
1.090838041987237383e-01
1.080971698108549456e-01
1.071070545136795643e-01
1.061128421299889629e-01
1.051151407079752992e-01
1.041150398111160419e-01
1.031148250650740367e-01
1.021134342082412050e-01
1.011117714804406209e-01
1.001118010964612837e-01
9.911542336342522852e-02
9.812126947187010950e-02
9.713240557212703130e-02
9.614759470778039274e-02
9.516792490186490316e-02
9.419449758889902879e-02
9.322773993389926739e-02
9.226973505568339395e-02
9.132456307759120873e-02
9.039777569335412377e-02
8.949702338968512638e-02
8.861782020840562601e-02
8.775173574592559644e-02
8.689346872852567183e-02
8.604146172458586317e-02
8.519391852204964699e-02
8.435067974091853271e-02
8.351168464850249051e-02
8.267693570758392896e-02
8.184649037806610017e-02
8.102047345097140862e-02
8.019907132002836170e-02
7.938250651821590620e-02
7.857102154195959309e-02
7.776603958246929016e-02
7.696694848887573881e-02
7.617377444073372694e-02
7.538675370910577489e-02
7.460613361334708649e-02
7.383378359954019532e-02
7.306839769775730353e-02
7.231020579101413159e-02
7.155948390540833870e-02
7.081785991754843690e-02
7.008438047058601628e-02
6.935911253228861650e-02
6.864236214245018897e-02
6.793548768191841336e-02
6.723774120182024472e-02
6.654921119421799980e-02
6.587015263646406327e-02
6.520102581524976626e-02
6.454229453854846976e-02
6.389344423310917842e-02
6.325454161806978726e-02
6.262560173734986468e-02
6.200721243511409658e-02
6.139916297565557041e-02
6.080105877952626109e-02
6.021284093680764199e-02
5.963563189702659334e-02
5.906818839104002045e-02
5.851060675264620897e-02
5.796380124493542146e-02
5.742640509645842439e-02
5.689963791609699284e-02
5.638237958903602465e-02
5.587549224660252889e-02
5.537800888620636464e-02
5.489099494215742697e-02
5.441305864759962002e-02
5.394560137679159373e-02
5.361665797735254424e-02
5.344995928858498752e-02
5.325414653050578040e-02
5.303042385140744469e-02
5.277861719341733759e-02
5.250107833574467475e-02
5.219854435443174040e-02
5.187399573493354371e-02
5.153018312234831921e-02
5.116932383684213298e-02
5.079310761111524575e-02
5.040310730042184273e-02
5.000216123459000350e-02
4.959171788606264730e-02
4.917320293538013365e-02
4.874751080433437078e-02
4.831343578303572833e-02
4.786962522280396176e-02
4.741485008803267981e-02
4.694841131715465909e-02
4.659777043138189218e-02
4.644381450279944784e-02
4.629374105668914580e-02
4.614746260617307722e-02
4.600488201971817542e-02
4.586589834410064598e-02
4.573040844961948070e-02
4.559868313387022143e-02
4.547049536922238844e-02
4.534548423299768899e-02
4.522350937462210618e-02
4.510454330546208312e-02
4.498908628368921553e-02
4.497108987025965482e-02
4.498710325326622100e-02
4.500131745142181561e-02
4.501391220346709354e-02
4.502617000182366352e-02
4.503793755712953012e-02
4.504998490849852766e-02
4.506290330022506840e-02
4.507664750565289202e-02
4.509121832595115037e-02
4.510624954289373795e-02
4.512112213919440562e-02
4.513569044962335852e-02
4.514975627542983788e-02
4.516284017358764696e-02
4.517556214965320199e-02
4.518730985999633298e-02
4.519884060148915417e-02
4.521047142530743024e-02
4.522264460488920057e-02
4.523658099481270983e-02
4.525302831512333784e-02
4.527291188132531036e-02
4.529605960347869720e-02
4.532158963050944567e-02
4.534807710328390973e-02
4.537446204968161034e-02
4.539985160775537876e-02
4.542393093417417677e-02
4.544571775174820194e-02
4.546489312359078272e-02
4.548179204144474352e-02
4.549563188528977370e-02
4.550631323407090117e-02
4.551376095996151339e-02
4.551792715716605764e-02
4.551914543413602965e-02
4.551730959845756014e-02
4.551230417235757608e-02
4.550433182701664470e-02
4.549441724530262077e-02
4.548259995326003891e-02
4.547002602032437085e-02
4.545833212685775754e-02
4.545000122832945633e-02
4.544633327990543759e-02
4.544577776681828912e-02
4.544629392874658530e-02
4.544703342316763761e-02
4.544723743592630344e-02
4.544661097117660281e-02
4.544495406483504973e-02
4.544215985720546219e-02
4.543822701414803461e-02
4.543333336091407576e-02
4.542755384800156726e-02
4.542043333354928852e-02
4.541155613872729924e-02
4.540068705051202025e-02
4.538690262505769291e-02
4.537021411515731323e-02
4.535040826635889505e-02
4.532742154439226706e-02
4.530113125300841426e-02
4.527176409517952305e-02
4.523902134999492619e-02
4.520326822336670491e-02
4.516387850150050537e-02
4.512155377433534759e-02
4.507541476393764346e-02
4.502574299373646172e-02
4.497253272069987040e-02
4.491530751120293569e-02
4.485403545051301621e-02
4.478878770557304795e-02
4.471986093018901626e-02
4.464689630976263063e-02
4.456994915342134961e-02
4.448908478192697274e-02
4.440464397218971820e-02
4.431681230739323296e-02
4.422531830051516094e-02
4.413038368685587992e-02
4.403256994666054913e-02
4.393129237724873598e-02
4.382679123370444157e-02
4.371920565834274547e-02
4.360803429619294208e-02
4.349324123168504808e-02
4.337479161958739116e-02
4.325266194723896562e-02
4.312693413461782255e-02
4.299762721197173537e-02
4.286464596179952180e-02
4.272804108150259073e-02
4.258788738720230282e-02
4.244427381023945650e-02
4.229729168344290718e-02
4.214703449629262494e-02
4.199360124544699452e-02
4.183709684828270520e-02
4.167773026388654073e-02
4.151590981563826888e-02
4.135139582669698083e-02
4.118429025003528948e-02
4.101512176951498112e-02
4.084384913245906606e-02
4.067059551200142425e-02
4.049590395650070479e-02
4.032000965333674969e-02
4.014341690574819987e-02
3.996689957568506923e-02
3.979175293875993752e-02
3.961871458761239556e-02
3.944873168869927199e-02
3.928238194741180689e-02
3.912044466929855829e-02
3.896231964730333119e-02
3.880690565701578471e-02
3.865360579405238001e-02
3.850243779115914561e-02
3.835464858634274332e-02
3.821583677464297779e-02
3.809500686099100142e-02
3.798808273339461528e-02
3.788777233738307298e-02
3.778964035700536905e-02
3.769196694056750618e-02
3.759373649443874948e-02
3.749455093167870789e-02
3.739418805152444625e-02
3.729246147377217324e-02
3.718961419715256789e-02
3.708535942919649608e-02
3.697989434378025353e-02
3.687358573443441645e-02
3.676687058699164984e-02
3.666024041297093194e-02
3.655459554144128292e-02
3.645032493411052427e-02
3.634756370744347820e-02
3.624651380067923923e-02
3.614819454829056034e-02
