3.435207804426509415e-01
3.469991264633410233e-01
3.614219388523572940e-01
3.726445881173283126e-01
3.829511084106484997e-01
3.612648484305169272e-01
3.544876799828525771e-01
4.632834469931393362e-01
4.464067945983226648e-01
5.682141641865562365e-01
5.894801541665812827e-01
6.335587419372163964e-01
6.255128516862377142e-01
5.689481092124426542e-01
5.824438852272444400e-01
5.651444148505001541e-01
5.613744375510396623e-01
5.864868629419813795e-01
5.347016747597814756e-01
6.116583201901732991e-01
8.022812417594556988e-01
9.572705278743454116e-01
9.140253177063076828e-01
8.499296375213492016e-01
7.831703523893630559e-01
6.683413063541264743e-01
6.221555039575108470e-01
6.238866828598275127e-01
6.494660107178580333e-01
7.093645267027947066e-01
7.946122011371107297e-01
8.659762202115885987e-01
8.940900072527241393e-01
9.334814742609042204e-01
9.539362172924775729e-01
9.567780873699226474e-01
9.444151518126661093e-01
9.224025463756302390e-01
8.956123959178511340e-01
8.724476093549755618e-01
8.470929693719499998e-01
8.161459414328252615e-01
7.801403516798426363e-01
7.460313066096135870e-01
8.131149616774707711e-01
8.518210562388395246e-01
8.774273056193573339e-01
8.461194083506351493e-01
8.102969601688567725e-01
8.294423606135945537e-01
8.484507007124180156e-01
8.683670154464169233e-01
8.888475880694634013e-01
9.088362402429472908e-01
1.007852120886029823e+00
1.097529180089408030e+00
1.158305397394781444e+00
1.181561613993958648e+00
1.177071897128711742e+00
1.156978200264917156e+00
1.106079607814028920e+00
1.050102544675010963e+00
1.021913001291493650e+00
9.794036344964724972e-01
9.218099919617191995e-01
8.519808367916033021e-01
7.913492317932392384e-01
7.423137115773806860e-01
6.918840630687036475e-01
6.419478333381414270e-01
6.132950073832806881e-01
5.933790583563061105e-01
5.739026959229501790e-01
5.531391862751670052e-01
5.332434423906025067e-01
5.124970781749236259e-01
4.924529406313360447e-01
4.716568721741317138e-01
4.518014594409235363e-01
4.312465997301625498e-01
4.116933523979230403e-01
3.921775598417085451e-01
3.729539747951127193e-01
3.600715477395236008e-01
3.496862820660102122e-01
3.598393105866121711e-01
3.675731502437452058e-01
3.728764195674895143e-01
3.757083846673039962e-01
3.764998964994452635e-01
3.755866147935090216e-01
3.729612326335408068e-01
3.691264439561164346e-01
3.638681768641285341e-01
3.576452128362450078e-01
3.503579059671638740e-01
3.421774353448598927e-01
3.334522063462745378e-01
3.238738196115736323e-01
3.142810267294787741e-01
3.043364141356877384e-01
2.942101041975433429e-01
2.844138425362064404e-01
2.749259602383264944e-01
2.657787864560758329e-01
2.571054625489105350e-01
2.489956727038098450e-01
2.414972083341456188e-01
2.346412235414331859e-01
2.284356503922287951e-01
2.227652032096030243e-01
2.175761112968258582e-01
2.128058651101055188e-01
2.083906749243099321e-01
2.042718260339014824e-01
2.004006308687306392e-01
1.988037248713664107e-01
1.976554881580263046e-01
1.965051952307775296e-01
1.951812392882136260e-01
1.936894770695398449e-01
1.920962186446379116e-01
1.905855632781571496e-01
1.890649776662532144e-01
1.876139479439508650e-01
1.863159324534399142e-01
1.852542559073089012e-01
1.849505428073310864e-01
1.855216448293599829e-01
1.860619811536625423e-01
1.865477636967420028e-01
1.869694888057760462e-01
1.875489851975733757e-01
1.897150054100607830e-01
1.923906315356758989e-01
1.955732871747447310e-01
1.991974983906421581e-01
2.031999100635026867e-01
2.075096081291819827e-01
2.120474073111446311e-01
2.167282975736940509e-01
2.214638718503904313e-01
2.263315429940532530e-01
2.311355732382406603e-01
2.357561999045010848e-01
2.402305272445840190e-01
2.445433937811534453e-01
2.484653300037987234e-01
2.521472341649791393e-01
2.554618022005861744e-01
2.582754153672495723e-01
2.608495305547110510e-01
2.628143243578192068e-01
2.644897718412301812e-01
2.655817119936677573e-01
2.663636118420546484e-01
2.665979327446973413e-01
2.665503570095845709e-01
2.661269241668727248e-01
2.654907242114951660e-01
2.655135803671494488e-01
2.653790505529676769e-01
2.650206123879000897e-01
2.644295542118514364e-01
2.637561438994895924e-01
2.629010213487708025e-01
2.619436971000597136e-01
2.609646188262089717e-01
2.600779522753043915e-01
2.594978769146202291e-01
2.592373904225424019e-01
2.590043631731244189e-01
2.587243568361247692e-01
2.583444256585772369e-01
2.578399998494776968e-01
2.572804140060728773e-01
2.566313611654988946e-01
2.558914581373133434e-01
2.551149549054820831e-01
2.543632691774270205e-01
2.537697261733264931e-01
2.535089070504725761e-01
2.534804103958016586e-01
2.535716697305652190e-01
2.536721418400289529e-01
2.537600514652565975e-01
2.538206660671887827e-01
2.538442728961133321e-01
2.538218602086114162e-01
2.537414124472064381e-01
2.536340910219274658e-01
2.534671107927098377e-01
2.532039017702924499e-01
2.528637078479327172e-01
2.524682144488895608e-01
2.519226110180454170e-01
2.513685507674411901e-01
2.506321884830041147e-01
2.498973613545772965e-01
2.489841931584545753e-01
2.480548452759303302e-01
2.469781599226934798e-01
2.458491111331800316e-01
2.446215597701111855e-01
2.432928508485801833e-01
2.419264967012807743e-01
2.404120751306247639e-01
2.389091679223361575e-01
2.372753576024886346e-01
2.355913637328189703e-01
2.340419956024652193e-01
2.334746942893698995e-01
2.326823158517465351e-01
2.316759488455213956e-01
2.304735968724545003e-01
2.290994269572236008e-01
2.275975643951309579e-01
2.260097749953482171e-01
2.243163436688528356e-01
2.225254013994943936e-01
2.206951675313835737e-01
2.187781779415087779e-01
2.167999718415407895e-01
2.147995855852733726e-01
2.127306582956681458e-01
2.106348907470161902e-01
2.084847830850601047e-01
2.062665409885776346e-01
2.040045851927238807e-01
2.016942568873508757e-01
1.993106923271009689e-01
1.968500728508499886e-01
1.943098146247813629e-01
1.916902634039980013e-01
1.889950287354502656e-01
1.862312609748960346e-01
1.834096478942182917e-01
1.805500639614740221e-01
1.776851652846763718e-01
1.748013536451951955e-01
1.719045399529707530e-01
1.690623688748013331e-01
1.672490562472027098e-01
1.654081745093722300e-01
1.634999462639015466e-01
1.615310128221977837e-01
1.597380646626178347e-01
1.586233443850082192e-01
1.574880838522197957e-01
1.563334971466059653e-01
1.551607699999490719e-01
1.540165575938702291e-01
1.528555843822310689e-01
1.516785442149973240e-01
1.504865284087364141e-01
1.492805992225349765e-01
1.480727772480718019e-01
1.468828720210349215e-01
1.456808414248544625e-01
1.444676536348269424e-01
1.432442481648772414e-01
1.420115360417056882e-01
1.407813817732321837e-01
1.395687804674572985e-01
1.383483226501591723e-01
1.371208298888230703e-01
1.358870966492637111e-01
1.346478906556901334e-01
1.334085404028607091e-01
1.321924638939899199e-01
1.309720551297025859e-01
1.297480001727737420e-01
1.285209603324828642e-01
1.272915726307772555e-01
1.260604502821194295e-01
1.248521226387266647e-01
1.236464459807138927e-01
1.224398539301583960e-01
1.212328892884503989e-01
1.200260733526385681e-01
1.188199064296489721e-01
1.176250428491838057e-01
1.164454565848628970e-01
1.152671127374041010e-01
1.140904511721306525e-01
1.129158930848717657e-01
1.117438415097330578e-01
1.105746818236979373e-01
1.094231180057844699e-01
1.082810761303886343e-01
1.071422992204007635e-01
1.060071234688055725e-01
1.048758695797386703e-01
1.037488432376396791e-01
1.026263355692619283e-01
1.015176614844912756e-01
1.004221746873425053e-01
9.933140795684092250e-02
9.824561328720329834e-02
9.716503002940578282e-02
9.608988530429474206e-02
9.502039440690171479e-02
9.395676120181652158e-02
9.291076686170438026e-02
9.187346168050938844e-02
9.084206635789675299e-02
8.981675541719183475e-02
8.879769353435022772e-02
8.778503588107777755e-02
8.677892845898967089e-02
8.577950842485508598e-02
8.479345037171857891e-02
8.381924889868755391e-02
8.285168224617149579e-02
8.189086603525064234e-02
8.093690830610225651e-02
7.998990979488468378e-02
7.904996420249646438e-02
7.811715845534245029e-02
7.719157295825232468e-02
7.628089369580463852e-02
7.537894907774832232e-02
7.448409256581342563e-02
7.359638979142371640e-02
7.271590081657650084e-02
7.184268034631960398e-02
7.097677793448718686e-02
7.011823818285500831e-02
6.926710093387812572e-02
6.842695115088205660e-02
6.759771191504672372e-02
6.677569512899635129e-02
6.596093077969887586e-02
6.515344479829343616e-02
6.435325922094131679e-02
6.356039234435069407e-02
6.277485887612804794e-02
6.199667008010249780e-02
6.122583391677255404e-02
6.046370862712999866e-02
5.971276726267442381e-02
5.896896943738092617e-02
5.823231713902061318e-02
5.750280954675643375e-02
5.678044314810024723e-02
5.606521185190659756e-02
5.571558900735661124e-02
5.539829184618281360e-02
5.508203563969044092e-02
5.476684072801734499e-02
5.445272662278712733e-02
5.413971203305696644e-02
5.382933114331953095e-02
5.352322246425869623e-02
5.321816632190330687e-02
5.291418024022137567e-02
5.261128102614510277e-02
5.230948479140830332e-02
5.200880697367515904e-02
5.170926235698492662e-02
5.141086509153389855e-02
5.111362871281438514e-02
5.081756616013605177e-02
5.052268979454394709e-02
5.022901141615766091e-02
4.993654228095016634e-02
4.964529311698329811e-02
4.935527414011980224e-02
4.906649506922965837e-02
4.877896514090692554e-02
4.849269312371577018e-02
4.820768733197886013e-02
4.792395563912731776e-02
4.764400021716844874e-02
4.736624832711423122e-02
4.708972014536012829e-02
4.681442317288356247e-02
4.654036450830743160e-02
4.626755085931961997e-02
4.599598855374196354e-02
4.572568355026078446e-02
4.545664144883147795e-02
4.518886750076785835e-02
4.492236661852678364e-02
4.465714338520088839e-02
4.439320206372700944e-02
4.413054660582167721e-02
4.386918066065365746e-02
4.360910758326061454e-02
4.335033044272216390e-02
4.309285203009440013e-02
4.283667486611635739e-02
4.258180120869557717e-02
4.232823306018092258e-02
4.207597217442909238e-02
4.182502006367282144e-02
4.157537800519719995e-02
4.132746734676930739e-02
4.108284142133420552e-02
4.083947822524120613e-02
4.059737902607333387e-02
4.035654487254496103e-02
4.011697660041367575e-02
3.987867483823741982e-02
3.964164001298118439e-02
3.940587235547715617e-02
3.917137190574523919e-02
3.893813851817679028e-02
3.870617186658586312e-02
3.847547144913345679e-02
3.824603659312794668e-02
3.801786645970585410e-02
3.779096004839601480e-02
3.756531620157207291e-02
3.734093360879509743e-02
3.711781081105197666e-02
3.689594620488941684e-02
3.667533804645080331e-02
3.645598445541441829e-02
3.623788341884021796e-02
3.602103279492423898e-02
3.580543031666540144e-02
3.559107359544708832e-02
3.537796012453467420e-02
3.516608728249312477e-02
3.495545233652514600e-02
3.474605244573367169e-02
3.453866747866672637e-02
3.433324032111637752e-02
3.412900749168822773e-02
3.392596629346412984e-02
3.372411392768654564e-02
3.352344749675256752e-02
3.332396400714193047e-02
3.312566037228116544e-02
3.292853341534484474e-02
3.273257987199584829e-02
3.253779639306645516e-02
3.234417954718046134e-02
3.215172582331916884e-02
3.196043163333233544e-02
3.177029331439458482e-02
3.158130713140903933e-02
3.139346927935937615e-02
3.120677588561208624e-02
3.102122301216870062e-02
3.083680665787047470e-02
3.065352276055579792e-02
3.047136719917132447e-02
3.029033579583902125e-02
3.011042431787773130e-02
2.993162847978322536e-02
2.975394394516478816e-02
2.957736632864150714e-02
2.940189119769737527e-02
2.922751407449731761e-02
2.905423043766442587e-02
2.888203572401912972e-02
2.871092533028080443e-02
2.854089461473377151e-02
2.837193889885704021e-02
2.820405346891893122e-02
2.803723357753772766e-02
2.787147444520862369e-02
2.770677126179735966e-02
2.754375692623283259e-02
2.738197657984611094e-02
2.722121999794598068e-02
2.706148256640566671e-02
2.690275964250862448e-02
2.674504655633693287e-02
2.658833861212890268e-02
2.643263108960792682e-02
2.627791924528233986e-02
2.612419831371598847e-02
2.597146350877189980e-02
2.581971002482768771e-02
2.566893303796493470e-02
2.551912770713121031e-02
2.537028917527699504e-02
2.522241257046640636e-02
2.507549300696343408e-02
2.492952558629381310e-02
2.478450539828208274e-02
2.464042752206542508e-02
2.449728702708444880e-02
2.435507897405098793e-02
2.421379841589325899e-02
2.407344039867931676e-02
2.393399996251896478e-02
2.379547214244433218e-02
2.365785196926940143e-02
2.352113447042989899e-02
2.338531467080167889e-02
2.325038759350114143e-02
2.311634826066487347e-02
2.298319169421101510e-02
2.285091291658156512e-02
2.271950695146693344e-02
2.258896882451198740e-02
2.245929356400426860e-02
2.233047620154569521e-02
2.220251177270638615e-02
2.207539531766219282e-02
2.194912188181592783e-02
2.182368651640183635e-02
2.169908427907522169e-02
2.157531023448577140e-02
2.145235945483597167e-02
2.133022702042454768e-02
2.120890802017513788e-02
2.108839755215073317e-02
2.096869072405384629e-02
2.084978265371260908e-02
2.073166846955383849e-02
2.061434331106225953e-02
2.049780232922680454e-02
2.038204068697391583e-02
2.026705355958838273e-02
2.015283613512184116e-02
2.003938361478921348e-02
1.992683909513094306e-02
1.981521582780585572e-02
1.970433596633189288e-02
1.959419489535025455e-02
1.948478801238864161e-02
1.937611072822301855e-02
1.926815846722760434e-02
1.916092666771491287e-02
1.905441078226384824e-02
1.894860627803864744e-02
1.884350863709647120e-02
1.873911335668572431e-02
1.863541594953407182e-02
1.853241194412700785e-02
1.843009688497698056e-02
1.832846633288281665e-02
1.822751586518110006e-02
1.812724107598725001e-02
1.802763757642909456e-02
1.792870099487112179e-02
1.783042697713071653e-02
1.773281118668637926e-02
1.763584930487720193e-02
1.753953703109559226e-02
1.744387008297114058e-02
1.734884419654771429e-02
1.725445512645299925e-02
1.716069864606082490e-02
1.706757054764629356e-02
1.697506664253416522e-02
1.688318276124028960e-02
1.679191475360686941e-02
1.670125848893072237e-02
1.661120985608532941e-02
1.652176476363693622e-02
1.643291913995456599e-02
1.634466893331367604e-02
1.625701011199474216e-02
1.616993866437554245e-02
1.608345059901807039e-02
1.599754194475051100e-02
1.591220875074298574e-02
1.582744708657951582e-02
1.574325304232325820e-02
1.565962272857816806e-02
1.557655227654543457e-02
1.549403783807488423e-02
1.541207558571214276e-02
1.533066171274136483e-02
1.524979243322350034e-02
1.516946398202973292e-02
1.508967261487218284e-02
1.501041460832881584e-02
1.493168625986558175e-02
1.485348388785446769e-02
1.477580383158716773e-02
1.469864245128607756e-02
1.462199612811067133e-02
1.454586126416125731e-02
1.447023428247878017e-02
1.439511162704144864e-02
1.432048976275826328e-02
1.424636517545924477e-02
1.417273437188255360e-02
1.409959387965885151e-02
1.402694024729268102e-02
1.395477004414061827e-02
1.388307986038741539e-02
1.381186630701880698e-02
1.374112601579213777e-02
1.367085563920408808e-02
1.360105185045641651e-02
1.353171134341889063e-02
1.346283083258991570e-02
1.339440705305531588e-02
1.332643676044449610e-02
1.325891673088460364e-02
1.319184376095275911e-02
