2.895360852577992805e-01
2.903214831096468940e-01
2.897060374781440517e-01
3.008049492676377890e-01
3.077115505240390347e-01
3.269565925523461036e-01
3.252153142084195370e-01
3.236437407744315875e-01
3.857392509340467623e-01
4.239733499809408834e-01
4.658353019185296207e-01
4.664641303854888399e-01
4.892133012305936446e-01
6.540950298915045868e-01
7.880255382219716331e-01
7.317781633446062139e-01
7.316916356153576606e-01
7.247355739424510279e-01
6.762832820777303633e-01
7.225402324952612254e-01
7.937904963524112789e-01
8.325985304613109372e-01
8.097696532138848324e-01
7.469400210364753878e-01
7.352647664962683738e-01
7.276339998161636125e-01
6.120175160648733126e-01
5.104488520749618230e-01
5.056150881029692901e-01
5.158011879600383764e-01
5.242580196102486489e-01
5.429121707993157520e-01
5.330846220185513351e-01
5.425101818531187226e-01
5.746020911602508496e-01
5.632452069458194766e-01
5.132459300788947409e-01
4.478101828688291208e-01
4.216005517039873030e-01
4.109838360433146209e-01
3.868269964001819772e-01
3.653674990779610665e-01
3.543318460539948700e-01
3.519627115035962595e-01
3.729207564152141052e-01
4.042526514423009920e-01
4.284102803864517361e-01
4.432293180152544476e-01
4.473420558556201465e-01
4.456557977906898671e-01
4.473263686962434260e-01
4.409283055995058542e-01
4.470130442080500477e-01
4.514367939955767906e-01
4.431575612740434877e-01
4.229313854056451216e-01
4.378953503578700279e-01
4.216578427826354059e-01
4.151328861324831143e-01
4.083798364572452932e-01
4.007506896272543528e-01
3.919801210751071574e-01
3.825256862897249421e-01
3.729304175234695040e-01
3.637087323582056664e-01
3.554463274986655597e-01
3.488183678157085743e-01
3.433419350255255131e-01
3.388732446908395701e-01
3.351144733466336345e-01
3.316479878089510502e-01
3.288696267392686723e-01
3.245802388210212719e-01
3.187989055854003051e-01
3.356392963051594847e-01
3.486458529811823914e-01
3.572612896744009614e-01
3.613047141657382832e-01
3.727294045827728164e-01
3.727813813904964912e-01
3.738147117110312001e-01
3.676967396651205644e-01
3.566618266775785084e-01
3.439868167300606516e-01
3.320084816309484266e-01
3.215646728629366069e-01
3.127085503145478618e-01
3.150446059000552301e-01
3.168407712942672982e-01
3.178000591576535805e-01
3.178789748276651950e-01
3.168016177652092646e-01
3.147725191626693508e-01
3.112469905920615121e-01
3.134691627648523160e-01
3.270729102828514034e-01
3.415028582472116048e-01
3.565033447321003801e-01
3.713374660722978393e-01
3.859787027621191524e-01
3.999805149534412796e-01
4.133542644920448206e-01
4.255842049643966396e-01
4.368361744524556500e-01
4.470858418751308405e-01
4.561455845565348666e-01
4.640735514948585161e-01
4.709050817829871227e-01
4.766636237047545133e-01
4.813924480295609931e-01
4.852344219587707008e-01
4.883659926965986386e-01
4.905534650252266760e-01
4.978801374365562915e-01
5.020454249682416714e-01
5.023819908552421554e-01
4.988946405696252917e-01
4.916318837081601889e-01
4.812343138790306507e-01
4.751256684487986659e-01
4.689143760599734923e-01
4.619400638350587562e-01
4.543588793756858091e-01
4.462988105736832578e-01
4.378353312314581802e-01
4.289996439954651963e-01
4.198032587018106776e-01
4.102736323785478034e-01
4.004731011084757264e-01
3.949272773866336350e-01
3.904175693563320948e-01
3.856609847578666428e-01
3.806001372631866442e-01
3.751849533397237368e-01
3.697291937191052313e-01
3.638906542463897220e-01
3.578150429210545935e-01
3.515598391418965907e-01
3.450134484720168149e-01
3.383695419028946438e-01
3.314886515711871762e-01
3.245102688527367052e-01
3.174171499847542877e-01
3.101899842787388395e-01
3.029920284777848360e-01
2.956331353048741728e-01
2.884224098184971496e-01
2.810567036995902379e-01
2.739102233068392844e-01
2.666578204680701836e-01
2.596124113639391995e-01
2.525312604794569538e-01
2.456221393525157559e-01
2.387556745998292429e-01
2.319854326103511777e-01
2.253670231176385097e-01
2.187764639585918491e-01
2.123802028216482396e-01
2.060829217406284219e-01
2.041215555972443474e-01
2.063757532189728905e-01
2.076993510858427816e-01
2.081720039519228960e-01
2.078880666188614168e-01
2.069255221654985877e-01
2.053353178391169043e-01
2.031571047009598507e-01
2.004363103156150960e-01
1.972280184596938712e-01
1.935893880301859660e-01
1.895720879334825137e-01
1.852253482776665683e-01
1.806001495255196154e-01
1.757613496701914968e-01
1.714398150554321265e-01
1.710270827352282641e-01
1.701089034156860469e-01
1.687339956414938558e-01
1.669620703831931896e-01
1.649046411612441754e-01
1.626219325865811416e-01
1.601912348043530165e-01
1.576614443502583340e-01
1.550870400681340633e-01
1.524802421026782151e-01
1.497451802401657539e-01
1.469534744566119155e-01
1.440892791797985240e-01
1.411581759026457050e-01
1.382228575312008934e-01
1.352652941099130035e-01
1.322992151997789967e-01
1.293660667409506360e-01
1.264211948008242548e-01
1.234642598846704409e-01
1.204984704268512591e-01
1.175259192566062427e-01
1.145803457399885011e-01
1.116311434960878812e-01
1.086636449090705031e-01
1.057418226332143413e-01
1.028004754661028392e-01
1.025068915330332869e-01
1.044913807761364832e-01
1.061691448505509838e-01
1.075269270575623520e-01
1.085634060945850354e-01
1.092824170821312391e-01
1.097253590171322624e-01
1.098828011127148674e-01
1.098137643268172203e-01
1.095617314679692561e-01
1.091704145087717265e-01
1.086281511208245093e-01
1.082140824049059175e-01
1.091029756590891492e-01
1.097682025866531935e-01
1.102221929255459004e-01
1.104806282554106761e-01
1.105592635934425638e-01
1.104748615702589309e-01
1.102457016292596459e-01
1.098892657946402146e-01
1.094206557617082853e-01
1.088529954244443487e-01
1.082007370440906391e-01
1.074768553125952514e-01
1.066737299930174548e-01
1.057968859682415635e-01
1.048512626988428731e-01
1.038405925494027410e-01
1.027776630371748101e-01
1.016721332613133022e-01
1.005230864926032752e-01
9.933889759957746646e-02
9.812775583730928841e-02
9.691449286741964098e-02
9.569434150448306864e-02
9.447047609905612209e-02
9.324979124815351017e-02
9.205720750166331012e-02
9.088002074617075599e-02
8.972225525962190806e-02
8.859582970302455618e-02
8.751043659447392542e-02
8.646036691364397675e-02
8.545119268113840483e-02
8.448708249733187514e-02
8.357088818571986599e-02
8.270404197726409501e-02
8.188665602236937235e-02
8.111738215994480916e-02
8.039655727413876074e-02
7.971870809899725407e-02
7.907697932230640936e-02
7.846307367045506076e-02
7.788272255869560512e-02
7.732643142555706284e-02
7.678551100723841893e-02
7.627053939546706018e-02
7.575861830698232824e-02
7.526940659782642429e-02
7.477518039623970436e-02
7.429817841751311380e-02
7.381010726998765703e-02
7.333444426465206278e-02
7.284128101035773628e-02
7.235909478082311330e-02
7.185813483701641857e-02
7.135581483213802867e-02
7.084104310286458428e-02
7.030933551998451436e-02
6.977401684578052321e-02
6.977983436213851254e-02
6.987331479957868685e-02
6.996624226812238334e-02
7.005112538889804452e-02
7.013187931841392830e-02
7.020761090033347807e-02
7.027168114623180695e-02
7.033574310983554956e-02
7.038903268725529849e-02
7.042839637262358898e-02
7.046629352950670166e-02
7.048510778453814796e-02
7.049301684508781085e-02
7.048309593976051501e-02
7.045842315714215265e-02
7.041312856349099536e-02
7.035397909287986751e-02
7.026975766460495654e-02
7.017484158270927141e-02
7.005091269878567506e-02
6.991945247509646910e-02
6.975796097500430726e-02
6.958960034381535265e-02
6.939555476359247910e-02
6.919027286144112388e-02
6.896951410364456081e-02
6.873168669895134142e-02
6.848472665863214459e-02
6.822739884841870495e-02
6.795624583288563392e-02
6.767112657811309717e-02
6.737871642234399827e-02
6.707474312867041377e-02
6.675575650838753983e-02
6.642423904331583306e-02
6.608535120053998790e-02
6.573112246704013173e-02
6.536221789845708674e-02
6.498929454897749147e-02
6.460019190894732144e-02
6.419581392973247591e-02
6.378462691766498271e-02
6.335189479347304309e-02
6.291418660238189131e-02
6.245564609749021390e-02
6.198910406035660486e-02
6.150547306049518326e-02
6.101145834147241737e-02
6.050448933782621996e-02
5.998439589838480690e-02
5.945611825992971194e-02
5.891136789005893548e-02
5.836381424289788233e-02
5.779870079039568093e-02
5.723033231722064740e-02
5.664667212068068974e-02
5.605702309008685214e-02
5.545315725903158383e-02
5.484375739763523716e-02
5.421755714913651519e-02
5.419383273533368017e-02
5.418965639310227567e-02
5.418400721957644661e-02
5.417381481443111352e-02
5.415618961747319104e-02
5.413481357818855644e-02
5.410595205466110086e-02
5.406913328220802617e-02
5.402650028773029606e-02
5.397476388177628592e-02
5.391601552320208351e-02
5.384993448216290890e-02
5.377234271891905004e-02
5.369253842838427743e-02
5.359959391677412976e-02
5.350058382357594094e-02
5.339500894013905763e-02
5.327703286121611426e-02
5.315677933141010891e-02
5.302733556080015120e-02
5.288828814831513653e-02
5.274810976526067563e-02
5.259677614481589325e-02
5.244508217436533865e-02
5.228462166166767539e-02
5.212512538960193537e-02
5.196254578259669465e-02
5.179965242267603465e-02
5.163781140318280533e-02
5.147699936077760469e-02
5.131621307956910766e-02
5.115481529661399657e-02
5.099462881292651101e-02
5.083171350625385887e-02
5.066513922404772968e-02
5.049915951317855700e-02
5.032632173368978973e-02
5.015499219971882722e-02
4.997660772845630844e-02
4.979879783681200045e-02
4.961557999382235767e-02
4.943206568139544427e-02
4.924471072841513780e-02
4.905742098117190503e-02
4.886659908860835344e-02
4.867707645715364795e-02
4.848343120005877555e-02
4.829207635316060121e-02
4.809622834292087007e-02
4.790226197054053836e-02
4.770481275680822641e-02
4.750655754559553884e-02
4.730809213685894382e-02
4.710510638577455195e-02
4.690487256119257181e-02
4.678846607405206387e-02
4.670145629462881670e-02
4.661318940980994918e-02
4.652382108998194543e-02
4.643670871524497451e-02
4.634865703224667899e-02
4.625979366550524163e-02
4.617024333198022773e-02
4.608012774906816711e-02
4.598956555062806706e-02
4.589867221090811189e-02
4.580755997623285614e-02
4.571633780429284338e-02
4.562511131086550292e-02
4.553459343494054706e-02
4.544630325436559148e-02
4.535823938749783402e-02
4.527049514832554716e-02
4.518316036665651070e-02
4.509632137271193941e-02
4.501006098776672015e-02
4.492445852060784200e-02
4.483958976957894832e-02
4.475552702997461635e-02
4.467233910655316054e-02
4.459009133092681904e-02
4.450884558359742560e-02
4.443022699124955094e-02
4.435321413636027915e-02
4.427732122104360846e-02
4.420259815616554150e-02
4.412909156563371571e-02
4.405684482981013506e-02
4.398589813204892979e-02
4.391628850814448953e-02
4.384804989847794487e-02
4.378121320265905558e-02
4.371580633646030001e-02
4.365185429085066682e-02
4.358937919293780217e-02
4.352840036863539486e-02
4.346961726671822596e-02
4.341333771018315857e-02
4.335856793555808303e-02
4.330531803248055533e-02
4.325359559943574989e-02
4.320340581256660456e-02
4.315475149514309133e-02
4.310763318755759382e-02
4.306204921770948046e-02
4.301799577165658917e-02
4.297546696441247038e-02
4.293445491077471643e-02
4.289494979607596375e-02
4.285693994675632279e-02
4.282041190065637160e-02
4.278535047694449062e-02
4.275276447042061084e-02
4.272204393602908185e-02
4.269272350062626453e-02
4.266478270351223984e-02
4.263819967890100648e-02
4.261295122204002833e-02
4.258901285449084168e-02
4.256635888851989513e-02
4.254496249054368767e-02
4.252479574358782044e-02
4.250582970871370075e-02
4.248803448537669114e-02
4.247137927068062035e-02
4.245583241749645298e-02
4.244136149142010983e-02
4.242834917019371738e-02
4.241739602103376805e-02
4.240741591046601894e-02
4.239837432219119295e-02
4.239023619487530814e-02
4.238296597208576072e-02
4.237652765096707602e-02
4.237088482964809083e-02
4.236600075337788873e-02
4.236183835938693576e-02
4.235836032047404776e-02
4.235552908731962662e-02
4.235330692953025167e-02
4.235165597541880322e-02
4.235129015923903145e-02
4.235223588807998651e-02
4.235364194461574416e-02
4.235547049392077157e-02
4.235768372136677895e-02
4.236024386545238218e-02
4.236311324944343898e-02
4.236625431183665275e-02
4.236962963566439505e-02
4.237320197665462446e-02
4.237693429026333225e-02
4.238078975759680678e-02
4.238582250948609575e-02
4.239150673942996411e-02
4.239720962745743144e-02
4.240289553996079430e-02
4.240852916915802129e-02
4.241407555318056632e-02
4.241950009518181269e-02
4.242476858148686719e-02
4.242984719880604078e-02
4.243470255053013312e-02
4.244092061690551976e-02
4.244703063542424465e-02
4.245282376934040452e-02
4.245826837117061547e-02
4.246333326905249450e-02
4.246798777835754379e-02
4.247220171252903687e-02
4.247656110717039357e-02
4.248168212508215275e-02
4.248627815750817549e-02
4.249032098787638989e-02
4.249378293379818539e-02
4.249663685401482149e-02
4.250052750582447580e-02
4.250401687184507393e-02
4.250682224022345884e-02
4.250898762883553728e-02
4.251231323464887968e-02
4.251488295815268603e-02
4.251676398830563780e-02
4.251973933914502540e-02
4.252189103870056275e-02
4.252343688242225805e-02
4.252588603250945232e-02
4.252744785362771313e-02
4.252810187161227412e-02
4.252908598866978612e-02
4.252990136713012681e-02
4.252975080334751162e-02
4.252861590276058729e-02
4.252711912591501664e-02
4.252602826562826288e-02
4.252390033624307147e-02
4.252071899334358696e-02
4.251646844770769901e-02
4.251195372492912877e-02
4.250761511199174086e-02
4.250216126892477492e-02
4.249557840289865801e-02
4.248785326159339876e-02
4.247945286648999175e-02
4.247152821637299736e-02
4.246242170983176301e-02
4.245212201981627548e-02
4.244061834037317349e-02
4.242825039765368844e-02
4.241645268045329126e-02
4.240341755145923819e-02
4.238913604531511364e-02
4.237359969466795301e-02
4.235747199150447645e-02
4.234156207414017242e-02
4.232436973287569126e-02
4.230588824610946597e-02
4.228611136438210905e-02
4.226608091359427416e-02
4.224586631244660329e-02
4.222433423289503884e-02
4.220148006920625139e-02
4.217729965994206076e-02
4.215277987657744391e-02
4.212811357740867818e-02
4.210210407444318209e-02
4.207474874332204490e-02
4.204604537482071330e-02
4.201639402359286235e-02
4.198717171337717352e-02
4.195658915362646124e-02
4.192464556303411582e-02
4.189134054551791470e-02
4.185667408377073684e-02
4.182222361285052592e-02
4.178701084363183743e-02
4.175042972560438770e-02
4.171248153569909883e-02
4.167316789939343874e-02
4.163275743606394824e-02
4.159289222984950685e-02
4.155165859045266419e-02
4.150905932845198182e-02
4.146509757294560006e-02
4.141977676510204959e-02
4.137429052549719544e-02
4.132841931953657594e-02
4.128119040253815097e-02
4.123260827058265049e-02
4.118267770242173970e-02
4.113198175859863331e-02
4.108151302336811306e-02
4.102970034588682147e-02
4.097654945618618011e-02
4.092206633838069846e-02
4.086730026710022612e-02
4.081229493871180863e-02
4.075596471685609401e-02
4.069831643694769852e-02
4.064018602737542313e-02
4.058203097534091031e-02
4.052256719879177016e-02
4.046221358248064393e-02
4.040225264317207077e-02
4.034099364636395402e-02
4.028052989856358707e-02
