1.807574277460512191e-01
1.809597966428925786e-01
1.839761983665552936e-01
1.927711165199557097e-01
2.044073916862170215e-01
2.167623328596659515e-01
2.315985446711072981e-01
2.375102614147997226e-01
2.719140386030913792e-01
3.059506082215152634e-01
3.214544827761662837e-01
2.862833124426418796e-01
2.644277021738559164e-01
2.705971720706238370e-01
2.799449550555568322e-01
2.631832690549877340e-01
2.890694380654423301e-01
2.874338888794423230e-01
2.879205994981519079e-01
3.116078273077536598e-01
3.001169638051502941e-01
2.425491818463332283e-01
2.226950926431309485e-01
2.606873603578785947e-01
2.880761604404648013e-01
3.107718691867699112e-01
3.083324636425859855e-01
3.366441425249072084e-01
3.677807586800454498e-01
3.763523533473915883e-01
3.613250298458542398e-01
3.256339374663495545e-01
2.990981121877916982e-01
3.266366918195909852e-01
3.716786166178390194e-01
3.858880281874275675e-01
3.830483603580994711e-01
3.751463826421120307e-01
3.580288388841783020e-01
3.361308762768298597e-01
3.044499070914721828e-01
2.992130443068719559e-01
3.014391291491561597e-01
3.227663611289410261e-01
3.483041693607509259e-01
3.744238771141913946e-01
3.938802656348908138e-01
4.060761713813829665e-01
4.091049568919739032e-01
4.061105036656238454e-01
3.919472453290313574e-01
3.747598196653989522e-01
3.660389771940626980e-01
3.536322613716676999e-01
3.383443136175961485e-01
3.270185678369645910e-01
3.214266378323140660e-01
3.171672019850546587e-01
3.107135428780234965e-01
3.023404363360346347e-01
2.953174496153321282e-01
2.890790185125169942e-01
3.037658420821411909e-01
3.425853594209820052e-01
3.743985579503545380e-01
3.908649714587538737e-01
3.902801524850282311e-01
3.765386705641443066e-01
3.555875613273418723e-01
3.325616572144467487e-01
3.103267965726371203e-01
2.904191120698136341e-01
2.907065234235489126e-01
3.059479703675708206e-01
3.185841372074862399e-01
3.303284373276686448e-01
3.422540913841393140e-01
3.548779021517934895e-01
3.679482843136164805e-01
3.814982926609569724e-01
3.955230569287599973e-01
4.099740447071207328e-01
4.246129318696744148e-01
4.388527959394756817e-01
4.520841208082914675e-01
4.634707607761589521e-01
4.725703909221874444e-01
4.790950846284066644e-01
4.887764140519901823e-01
4.931959188442625042e-01
4.924369630306029144e-01
4.867928233349761435e-01
4.765318530878123182e-01
4.638546279495732172e-01
4.536642881897728352e-01
4.421126291729462476e-01
4.296448876945191397e-01
4.166096164202284791e-01
4.031813123235739038e-01
3.893683914873271035e-01
3.750547699086000386e-01
3.600746207702681945e-01
3.443660511245134614e-01
3.278234755208727647e-01
3.105397344901317247e-01
2.926480614874657493e-01
2.892305179012039651e-01
2.853855596291717811e-01
2.810764805077516360e-01
2.764323571452386719e-01
2.714815991695528896e-01
2.662961252255359734e-01
2.609236796700374339e-01
2.553861920516139472e-01
2.497161284789893854e-01
2.438758435354810294e-01
2.378453290401803255e-01
2.316180097335895083e-01
2.252001227706142972e-01
2.186133627569727955e-01
2.119020611194008252e-01
2.051076602481731737e-01
1.982682961715538372e-01
1.914321835093027724e-01
1.846415056991845272e-01
1.779291338439261960e-01
1.713369512365236214e-01
1.648613478105641905e-01
1.585058976073942527e-01
1.522702878626686074e-01
1.461922762544391463e-01
1.492681560484551140e-01
1.531529498375674425e-01
1.563971754222028276e-01
1.589801928557612043e-01
1.609111331815997747e-01
1.622270243978688187e-01
1.629535916292470243e-01
1.631595764235413970e-01
1.629372846682914378e-01
1.623997891236108881e-01
1.616759873180021179e-01
1.609039027990842308e-01
1.602548381235756880e-01
1.598537683377278529e-01
1.598437247219248181e-01
1.603368165279382418e-01
1.614065564029415756e-01
1.630829878632769903e-01
1.653549945291778456e-01
1.681675836490690024e-01
1.714239642755713000e-01
1.750078516766282732e-01
1.787867924230147065e-01
1.826317966538887894e-01
1.864072937921917306e-01
1.899777224844195200e-01
1.932162423571588405e-01
1.960423918957228673e-01
1.983362526929814129e-01
2.000441957472318677e-01
2.011104313082305861e-01
2.014957537505421281e-01
2.012015957891830908e-01
2.002469623016835953e-01
1.986465840943663352e-01
1.964417213976219490e-01
1.937010784327393431e-01
1.904849009315589536e-01
1.868668955118920061e-01
1.829374418215592435e-01
1.787975912603748940e-01
1.745365606686784810e-01
1.702580213331205128e-01
1.660655030668269361e-01
1.655112300245759338e-01
1.651051949399445773e-01
1.645455161042236880e-01
1.639002698338011266e-01
1.632548800413731738e-01
1.626796212712210699e-01
1.622584142244493377e-01
1.620549693465904995e-01
1.621297343707663041e-01
1.625331796790817629e-01
1.632984741971481024e-01
1.644345348109056137e-01
1.659488723081881667e-01
1.678230949657538440e-01
1.700252430737684839e-01
1.725185124671376746e-01
1.752578796683710305e-01
1.781919819401313887e-01
1.812650336030716403e-01
1.844268398937255748e-01
1.876265231087196617e-01
1.908239917998749979e-01
1.939711104347608961e-01
1.970316055266097266e-01
1.999810600485581458e-01
2.027846013326244645e-01
2.054265252979873557e-01
2.078882054894087839e-01
2.101691977799083066e-01
2.122541811978481685e-01
2.141348194722856590e-01
2.157925346859344840e-01
2.172142680365624912e-01
2.183681306289942670e-01
2.192509066232643800e-01
2.198701085590634430e-01
2.202309519435174667e-01
2.203497264429534752e-01
2.202493668901838175e-01
2.199373837767885642e-01
2.194207832068008901e-01
2.187154015639938553e-01
2.178405602934721519e-01
2.168225762787389377e-01
2.156789977546010040e-01
2.144269743438186326e-01
2.130852110714445413e-01
2.116762300360988114e-01
2.102123512834512264e-01
2.087029136083658754e-01
2.071601145781760411e-01
2.055961892869608287e-01
2.040262738515428165e-01
2.024621916141020328e-01
2.009079755235983755e-01
1.993655454747499944e-01
1.978335503716881216e-01
1.963106268232423512e-01
1.948028173707374577e-01
1.933096992862529673e-01
1.918306919665247467e-01
1.903713835831791490e-01
1.889337847346574395e-01
1.875108029253972908e-01
1.861078015153185272e-01
1.847173584881808550e-01
1.833399246749147227e-01
1.819720549368284424e-01
1.806128615015964722e-01
1.792582178302872253e-01
1.779092807824919908e-01
1.765585872082288676e-01
1.752112592006515035e-01
1.738563161142295255e-01
1.724995179212247542e-01
1.711338564751142266e-01
1.697561180237708856e-01
1.683728412215970416e-01
1.669762986980252439e-01
1.655661477885826960e-01
1.641467185714024224e-01
1.627168133608964118e-01
1.612749260260902817e-01
1.598223495368334690e-01
1.583635625883888509e-01
1.568987507106468227e-01
1.554283585283551816e-01
1.539547887869860965e-01
1.524806229156535908e-01
1.510088911271314505e-01
1.495440491915667192e-01
1.480864266233486437e-01
1.466388408221779849e-01
1.452041021576106761e-01
1.437849898430819673e-01
1.423842309108091786e-01
1.410044841619393363e-01
1.396483235419373192e-01
1.383187360989424908e-01
1.370199638490973981e-01
1.357522867949807477e-01
1.345177626776883628e-01
1.333183177868252633e-01
1.321600737745997900e-01
1.310406085322666503e-01
1.299615467199611296e-01
1.289284679101805331e-01
1.279375955347608340e-01
1.269933275300499653e-01
1.260943640451736847e-01
1.252419997620798364e-01
1.244361938189693789e-01
1.236768262262776946e-01
1.229634662240093740e-01
1.222959723966460521e-01
1.216725626807354244e-01
1.210938358163520662e-01
1.205563094771883031e-01
1.200615327022711842e-01
1.196044851113784724e-01
1.191874320222334471e-01
1.188044977892228626e-01
1.184577119862120081e-01
1.181412781794327210e-01
1.178569212570024366e-01
1.175991836537281232e-01
1.173685354494131416e-01
1.171612272624565076e-01
1.169755030236929588e-01
1.168102972011705321e-01
1.166616857271460111e-01
1.165295354125680805e-01
1.164111140719904097e-01
1.163037933948799368e-01
1.162071140464737001e-01
1.161192176331475034e-01
1.160376378718435547e-01
1.159610211631996041e-01
1.158888406915244973e-01
1.158197929663710435e-01
1.157520729754204919e-01
1.156847311932836658e-01
1.156168855154611763e-01
1.155477027984899707e-01
1.154763945897486349e-01
1.154022317036845907e-01
1.153246429447373905e-01
1.152434644032918482e-01
1.151577730360748286e-01
1.153553912697503347e-01
1.157405225330096626e-01
1.161253164343455518e-01
1.165079983265417535e-01
1.168879760583955568e-01
1.172652801222177216e-01
1.176416148520652294e-01
1.180179454939719735e-01
1.183953542980922258e-01
1.187748991340733390e-01
1.191590182885658294e-01
1.195479193493608205e-01
1.199422878454683011e-01
1.203405324577362379e-01
1.207394074591209288e-01
1.211347699084037721e-01
1.215241093037536524e-01
1.219048779883277756e-01
1.222750811011307503e-01
1.226362290271002520e-01
1.229847615835402835e-01
1.233233834502050763e-01
1.236504656051775619e-01
1.239660695053830947e-01
1.242733560486531524e-01
1.245701923474795136e-01
1.248586311966464191e-01
1.251403153306842320e-01
1.254140252178479742e-01
1.256840475748179364e-01
1.259476024724825449e-01
1.262080521763742358e-01
1.264641311563280968e-01
1.267172837288251530e-01
1.269871447545424803e-01
1.274369313112997115e-01
1.278828406600161227e-01
1.283253561082405014e-01
1.287656570284499979e-01
1.292035796868693243e-01
1.296384787065353872e-01
1.300704222950018751e-01
1.304994047807940538e-01
1.309252278404709480e-01
1.313474962442560678e-01
1.317656680801786717e-01
1.321790630226310215e-01
1.325874308303841842e-01
1.329920939279109759e-01
1.333911004925515953e-01
1.337842461887899237e-01
1.341730538760522451e-01
1.345572316227041654e-01
1.349352850986322572e-01
1.353092412897232422e-01
1.356783006849858753e-01
1.360409758616638043e-01
1.364009177424321817e-01
1.367547829962914852e-01
1.371038327338952034e-01
1.374492990460628172e-01
1.377889239454957726e-01
1.381252869352015966e-01
1.384571911653149356e-01
1.387835047488290285e-01
1.391071826567584768e-01
1.394252557443065033e-01
1.397375753233187912e-01
1.400461897143693291e-01
1.403476411479231967e-01
1.406440302622227745e-01
1.409342991924347754e-01
1.412169071018861133e-01
1.414953571008576438e-01
1.417658432206906349e-01
1.420292469799925572e-01
1.422868096585887809e-01
1.425357291274457483e-01
1.427774496902299295e-01
1.430115644354149340e-01
1.432360121343120574e-01
1.434530708861501691e-01
1.436610603241030848e-01
1.438590699782659743e-01
1.440492574974105433e-01
1.442304661543743205e-01
1.444019403920336342e-01
1.445639967693735650e-01
1.447185425655189983e-01
1.448644316018982692e-01
1.450018034725311655e-01
1.453073221317828234e-01
1.456593708223840045e-01
1.460088198798831227e-01
1.463530382269282726e-01
1.466930058351507971e-01
1.470283016767930939e-01
1.473572895181441966e-01
1.476810418722123985e-01
1.479989809422312119e-01
1.483097002710193346e-01
1.486139405473825559e-01
1.489118279732156158e-01
1.492016769833415246e-01
1.494834963529260430e-01
1.497588302886400935e-01
1.500253328281478671e-01
1.502827655964925346e-01
1.505320513497363233e-01
1.507729127464201013e-01
1.510041067622905075e-01
1.512254882384725108e-01
1.514387712700691058e-01
1.516425251104060457e-01
1.518361793942599458e-01
1.520204387011115099e-01
1.521960465470024171e-01
1.523612463257800198e-01
1.525159104740433369e-01
1.526619336198615784e-01
1.527973472516054310e-01
1.529217589048378900e-01
1.530350536463176425e-01
1.531390398948150600e-01
1.532318510756313090e-01
1.533133306728708400e-01
1.533834660267582584e-01
1.534435884280498374e-01
1.534931422394368583e-01
1.535314199839328264e-01
1.535584494314947146e-01
1.535754858051244232e-01
1.535822325378514708e-01
1.535777885303642731e-01
1.535621608079572598e-01
1.535362989396501232e-01
1.535002739488271761e-01
1.534530559805925842e-01
1.533946856348107346e-01
1.533252240515566578e-01
1.532465658830967359e-01
1.531571070212042474e-01
1.530568823969730707e-01
1.529460228265349941e-01
1.528260404877705425e-01
1.526963919071429587e-01
1.525564981934835473e-01
1.524064671875609567e-01
1.522479086156721673e-01
1.520799123025438626e-01
1.519019975682645851e-01
1.517142425891267465e-01
1.515177919794224171e-01
1.513124611605491388e-01
1.510975451862411056e-01
1.508731529719495312e-01
1.506394089372956324e-01
1.503980882323538992e-01
1.501475858144571407e-01
1.498880338622182451e-01
1.496195718494721383e-01
1.493426629483935453e-01
1.490584948795221631e-01
1.487658493283930128e-01
1.484648717475582080e-01
1.481557020294377580e-01
1.478392375405352677e-01
1.475156648900408929e-01
1.471842200459539951e-01
1.468450237831712968e-01
1.464982107739379591e-01
1.461446520717999964e-01
1.457845997904005098e-01
1.454173871892914804e-01
1.450431545357892815e-01
1.446620270429846145e-01
1.442748772170065197e-01
1.438816839042883489e-01
1.434818530463761732e-01
1.430755022664061404e-01
1.426627708358854107e-01
1.422439889277159475e-01
1.418204816098992960e-01
1.413912103695328382e-01
1.409563895339829009e-01
1.405162302269911401e-01
1.400725678081720937e-01
1.396242554870297248e-01
1.391712541989627849e-01
1.387151687810566636e-01
1.382555792402390682e-01
1.377921162171685532e-01
1.373271885955324734e-01
1.368587308516686363e-01
1.363896109588378092e-01
1.359177010160531607e-01
1.354452514711843303e-01
1.349706738007814266e-01
1.344951199930318197e-01
1.340179982107220780e-01
1.335394675858249947e-01
1.330599127232239831e-01
1.325786857479805403e-01
1.320973124467427484e-01
1.316145070240958836e-01
1.311317637900839272e-01
1.306488835278271921e-01
1.301657318322164136e-01
1.296830616197999775e-01
1.292013966467271402e-01
1.287202945248610286e-01
1.282399426035347179e-01
1.277604599215225178e-01
1.272823445043732293e-01
1.268056409565279374e-01
1.263303146068094351e-01
1.258567130303598347e-01
1.253851331876502107e-01
1.249157538748261187e-01
1.244486849986328608e-01
1.239840301724483285e-01
1.235219505229527559e-01
1.230626819312649056e-01
1.226064825593645297e-01
1.221537235003219563e-01
1.217049014589863531e-01
1.212596773069283124e-01
1.208181504439114484e-01
1.203803987926011787e-01
1.199468606190632614e-01
1.195167909335264483e-01
1.190900383512853850e-01
1.186663197208531889e-01
1.182452869326456463e-01
1.178266076824817515e-01
1.174098376936895533e-01
1.169943248848657469e-01
1.165793216653316783e-01
1.161640811572277887e-01
1.157489534847971763e-01
1.153330057677964815e-01
1.149160924678808982e-01
1.144985514327083453e-01
1.140797240361700327e-01
1.136606993854620551e-01
1.132403251231821339e-01
1.128202068991230322e-01
1.123988559802281267e-01
1.119771658188718766e-01
1.115542466896417284e-01
1.111306448363531818e-01
1.107054279245003464e-01
1.102796830664533184e-01
1.098519948439916488e-01
1.094238896999034233e-01
1.089940590159313161e-01
1.085632125510754969e-01
1.081312296945867030e-01
1.076973574123416266e-01
1.072629979585742743e-01
1.068266496446473590e-01
1.063882905222144487e-01
1.059489270795531957e-01
1.055075793245592725e-01
1.050641324509225399e-01
1.046185978533828581e-01
1.041718186537378410e-01
1.037230838520128984e-01
1.032723230043521706e-01
1.028195807986087285e-01
1.023651974911577583e-01
1.019095239864524771e-01
1.014520048058645263e-01
1.009926860365683993e-01
1.005316106930310704e-01
