3.382716519717915982e-01
3.324926198646740438e-01
3.348560225172740878e-01
3.761975473032327377e-01
3.793490176483335086e-01
3.659604353347974959e-01
4.456265776668332235e-01
5.155669942798872807e-01
4.622662171660200103e-01
4.677538599071032199e-01
5.187338825465902525e-01
5.901802487837968236e-01
6.890813596601189639e-01
6.594408295917634222e-01
7.092267317575203789e-01
7.204348603769805681e-01
7.151562437765635050e-01
7.661306497733670895e-01
7.706357453763288401e-01
7.434882964726691190e-01
7.233659719882327144e-01
7.137372628622092874e-01
6.952223579571372714e-01
6.476830037224194925e-01
6.839689405831012037e-01
7.303824557219434910e-01
7.256022847053253955e-01
7.519898208079425217e-01
8.176286559880399096e-01
8.244720020240322578e-01
7.990613858544337589e-01
7.594078442873315460e-01
7.183174086003343284e-01
6.829329466662693582e-01
6.398456913414251046e-01
5.943384346602449408e-01
5.798330431414663311e-01
6.054855565146551877e-01
6.611326776074418765e-01
7.092027502560280805e-01
7.994723818003907079e-01
9.034829338078955718e-01
9.974092438487263124e-01
1.074664144695964829e+00
1.131694687455419679e+00
1.168858904915106356e+00
1.205819112693836015e+00
1.310586851000005826e+00
1.388321592816721406e+00
1.447428090947777024e+00
1.492407788691661352e+00
1.538263664775265660e+00
1.555327784214107778e+00
1.541732074469567282e+00
1.501308245896525895e+00
1.443087905199058829e+00
1.371172746902037831e+00
1.286838769094873491e+00
1.199950435032920204e+00
1.107152991424862121e+00
1.014098818518968992e+00
9.226685565616938867e-01
8.332139089914825103e-01
7.732545376098047818e-01
7.285951289148366872e-01
6.864414419889881547e-01
6.456418070878890969e-01
6.077673071014563222e-01
5.714198923920614792e-01
5.571354526068411639e-01
5.536517206355967557e-01
5.504859198298031053e-01
5.506567263531138012e-01
5.547770797462151515e-01
5.600863201979970896e-01
5.631775570447395962e-01
5.723820268260515487e-01
5.892925409456807317e-01
6.148356781374006985e-01
6.540092661616332403e-01
6.899819609996660219e-01
7.217175221072829050e-01
7.481850796597333542e-01
7.688589465548684165e-01
7.832025762124597001e-01
7.907353258064759860e-01
7.923255751661298918e-01
7.889093855245699061e-01
7.803462332798409840e-01
7.675873651508989814e-01
7.516012387749291257e-01
7.333628171315920152e-01
7.138960922156641908e-01
6.941651701927604723e-01
6.749421108911740630e-01
6.580422731402139069e-01
6.426036164120293437e-01
6.301000120698916351e-01
6.195079460589524301e-01
6.113785010811046972e-01
6.051319436254567474e-01
6.001243560141067412e-01
5.968600027750173842e-01
5.940974817219518700e-01
5.920166472807840696e-01
5.903182220450203799e-01
5.886074882900360628e-01
5.872069087146168931e-01
5.854419232185241739e-01
5.838871852080680380e-01
5.818574711041722969e-01
5.798282657165798604e-01
5.773683682260741801e-01
5.745473359356380039e-01
5.714518922176649030e-01
5.676215101089577830e-01
5.635279266402838383e-01
5.587491579283913046e-01
5.531578009252567929e-01
5.471818799366537922e-01
5.404502838254003905e-01
5.329141255564544544e-01
5.249483968907893150e-01
5.164025060098151876e-01
5.072151790244389113e-01
4.978227444859854578e-01
4.880992159728199109e-01
4.780911876139996020e-01
4.682802036388707401e-01
4.583233124560209815e-01
4.488600526594765383e-01
4.395018266948480523e-01
4.308698064430365182e-01
4.226528450465141806e-01
4.151350451953620957e-01
4.084099058050890685e-01
4.023463526389481348e-01
3.971156363130108891e-01
3.927315424273885025e-01
3.890130868590051527e-01
3.859575933729524344e-01
3.836788551747837839e-01
3.818560164692009207e-01
3.804371999062127752e-01
3.795215603070469235e-01
3.787306074275191836e-01
3.781810714664871620e-01
3.776470247099025790e-01
3.770930074291946599e-01
3.764108362120459073e-01
3.755673532499012035e-01
3.743819148733142921e-01
3.730163698950531015e-01
3.711851590160508696e-01
3.689874263810436483e-01
3.664316205737109255e-01
3.633871201391533079e-01
3.598717162130347647e-01
3.559917780248895713e-01
3.517042046715523340e-01
3.469943024740002047e-01
3.443812655535735678e-01
3.416619052895832898e-01
3.384153792232374447e-01
3.346450408362292017e-01
3.303684653369884372e-01
3.256193099941087077e-01
3.204985016205318393e-01
3.150629831076576237e-01
3.092879318130291599e-01
3.031978045041034409e-01
2.979508593584516696e-01
2.936004626050959243e-01
2.890138194985862330e-01
2.841136834239358921e-01
2.789123115303345779e-01
2.735679830457747319e-01
2.679146191540153765e-01
2.621439163278713735e-01
2.562181694260161624e-01
2.500881518073047038e-01
2.439369117642829765e-01
2.376987135188523281e-01
2.313543019130437361e-01
2.250147011768706684e-01
2.187084126575940535e-01
2.123822308876905374e-01
2.060669878593310578e-01
1.998670265176238081e-01
1.937531609294669832e-01
1.877162311266418193e-01
1.817790898166911084e-01
1.759623697161761258e-01
1.703034618164536440e-01
1.648254668371313403e-01
1.595066896979425719e-01
1.543600065931063081e-01
1.493963111114486320e-01
1.446245976656114207e-01
1.400520535178746695e-01
1.356841575319286120e-01
1.315247839355052073e-01
1.275763095345494313e-01
1.238397229733657207e-01
1.203147347851650922e-01
1.169998871221935577e-01
1.138926621930184679e-01
1.109895885657288944e-01
1.083167340128676215e-01
1.058408390871061755e-01
1.035547127112619453e-01
1.026592561916194885e-01
1.019162252045192063e-01
1.012867460333935904e-01
1.007848231979243808e-01
1.003756028382995630e-01
1.000432695815896278e-01
9.977822867332591938e-02
9.959594764512383347e-02
9.945422682044209595e-02
9.934112177919736386e-02
9.927506809282650446e-02
9.922542377899810917e-02
9.917268875021993668e-02
9.914281476037738183e-02
9.910009620265981811e-02
9.903338885336433750e-02
9.897209745620355603e-02
9.886743581757889698e-02
9.874322496492314583e-02
9.858471614331523747e-02
9.866569758270149482e-02
9.913161235955236794e-02
9.949269875610439184e-02
9.974872939977004471e-02
9.989973006812970235e-02
9.996991624393218590e-02
9.994211328768380642e-02
9.982395931063564598e-02
9.962628934212020004e-02
9.944143792815263172e-02
9.999577722364617893e-02
1.004751680155527571e-01
1.008697624325937264e-01
1.011773492453001827e-01
1.013989730368255460e-01
1.015389130852411559e-01
1.015895397899347907e-01
1.015520057090441158e-01
1.014279597841794278e-01
1.012199010591833814e-01
1.009309745618955229e-01
1.005645434001623539e-01
1.001369242635313656e-01
9.963971052659334471e-02
9.907642470242537802e-02
9.845052784728057504e-02
9.777222878692791441e-02
9.704630307804622269e-02
9.626768187805687105e-02
9.543942788719474157e-02
9.457097247256604500e-02
9.366331927939314239e-02
9.271121056220789358e-02
9.171628669149158031e-02
9.068042711155320512e-02
8.960559884421465116e-02
8.849364130051898258e-02
8.734676016140857646e-02
8.616805938781771368e-02
8.496126989150977471e-02
8.373017609213168067e-02
8.247824896898325875e-02
8.120830446543716996e-02
7.992249128743791897e-02
7.862240454719644778e-02
7.730901023796438176e-02
7.598299753863610451e-02
7.494952956608953720e-02
7.433375612387237152e-02
7.370847704849836646e-02
7.307441129200843710e-02
7.243226638677667528e-02
7.178273707135710002e-02
7.112761309264145626e-02
7.047751788397672856e-02
6.982163366973793972e-02
6.916059557121767565e-02
6.849502190342408869e-02
6.782551357056386399e-02
6.715265356969035704e-02
6.647700659455035854e-02
6.579911873200866568e-02
6.511951724379050344e-02
6.443871042662015214e-02
6.375718754418648049e-02
6.308282366897020876e-02
6.240994223723722589e-02
6.173734547404111095e-02
6.106545398542600339e-02
6.039467004520218674e-02
5.972537781123523487e-02
5.905794357843815318e-02
5.839271606433235617e-02
5.773002672331879054e-02
5.707019008605407340e-02
5.641350412057438007e-02
5.576025061205299588e-02
5.511439021802769928e-02
5.447452024410558841e-02
5.383856122103913844e-02
5.320674183598581020e-02
5.257927662664901858e-02
5.195636640825702923e-02
5.133819870408784514e-02
5.072494817789200555e-02
5.011677706670852883e-02
4.951383561271033296e-02
4.891626249285017242e-02
4.832418524519145608e-02
4.773772069093450837e-02
4.715697535124722256e-02
4.658503230877546891e-02
4.601913959673693821e-02
4.545904442398564227e-02
4.490482238302204165e-02
4.435654061761062222e-02
4.381425819333320537e-02
4.327802645957906647e-02
4.274788940267759685e-02
4.222388398993860009e-02
4.170604050441275440e-02
4.119438287023438616e-02
4.068892896844900769e-02
4.018969094326642344e-02
3.969667549871776918e-02
3.920988418572404766e-02
3.872931367961462978e-02
3.825495604815683237e-02
3.778679901018470316e-02
3.732482618493346976e-02
3.686901733220369209e-02
3.658368750367711753e-02
3.642303940398251838e-02
3.626096497919361478e-02
3.609754838122941623e-02
3.593409261205523370e-02
3.577149884971966842e-02
3.560773744740858976e-02
3.544288443822323637e-02
3.527701377055370707e-02
3.511019733217501937e-02
3.494250497623584834e-02
3.477400454893386089e-02
3.460476191868651352e-02
3.443484100661941411e-02
3.426430381820258497e-02
3.409321047588158293e-02
3.392161925255676030e-02
3.374958660577651731e-02
3.357716721251990943e-02
3.340441400445208486e-02
3.323137820354493677e-02
3.305810935796611033e-02
3.288465537814125317e-02
3.271106257290917058e-02
3.253737568568950550e-02
3.236363793059426897e-02
3.218989102841713495e-02
3.201617524244101953e-02
3.184374996486986215e-02
3.167248744611474848e-02
3.150131796426319103e-02
3.133027710668639942e-02
3.115939917413483584e-02
3.098871721394509671e-02
3.081826305282339348e-02
3.064806732917994825e-02
3.047815952498951486e-02
3.030856799715728883e-02
3.013932000837174843e-02
2.997044175742993866e-02
2.980195840902030713e-02
2.963389412295288489e-02
2.946627208282841595e-02
2.929911452413818881e-02
2.913244276178981670e-02
2.896627721705576780e-02
2.880063744394079778e-02
2.863554215496882244e-02
2.847100924638959474e-02
2.830705582280486701e-02
2.814369822121892684e-02
2.798095203451508861e-02
2.781883213436302932e-02
2.765735269356234954e-02
2.749652720782809825e-02
2.733636851702283752e-02
2.717688882584561039e-02
2.701897601330734144e-02
2.686228232314576483e-02
2.670626833849328377e-02
2.655094452021276863e-02
2.639632078047561212e-02
2.624240650038460465e-02
2.608921054711630522e-02
2.593674129059396136e-02
2.578500661969823637e-02
2.563401395802582250e-02
2.548377027920480445e-02
2.533428212177664743e-02
2.518555560365362198e-02
2.503759643616116498e-02
2.489040993767474216e-02
2.474400104686077725e-02
2.459837433553061989e-02
2.445353402111658664e-02
2.430948397878043496e-02
2.416622775316184038e-02
2.402376856977705630e-02
2.388210934607648550e-02
2.374125270216941377e-02
2.360120097122539104e-02
2.346195620956008712e-02
2.332352020641509024e-02
2.318589449343806674e-02
2.304908035387394707e-02
2.291307883147289740e-02
2.277789073912419443e-02
2.264351666722328252e-02
2.250995699177959011e-02
2.237721188227246444e-02
2.224528130926237482e-02
2.211416505176472952e-02
2.198386270439279741e-02
2.185437368427633684e-02
2.172569723776386977e-02
2.159783244691263274e-02
2.147077823577461797e-02
2.134453337648365215e-02
2.121967814237019426e-02
2.109570947942035479e-02
2.097252983556041270e-02
2.085013774146532439e-02
2.072853159795364289e-02
2.060770968109377696e-02
2.048767014714883775e-02
2.036841103736582517e-02
2.024993028261218644e-02
2.013222570786641838e-02
2.001529503656558281e-02
1.989913589481487680e-02
1.978374581546353192e-02
1.966912224205050880e-02
1.955526253262506939e-02
1.944216396344448580e-02
1.932982373255470732e-02
1.921823896325584868e-02
1.910740670745685738e-02
1.899732394892275633e-02
1.888798760641768881e-02
1.877939453674718970e-02
1.867154153770223673e-02
1.856442535090887039e-02
1.845804266458612314e-02
1.835239011621422889e-02
1.824746429511781010e-02
1.814326174496436531e-02
1.803977896618265755e-02
1.793701241830211734e-02
1.783495852221680597e-02
1.773361366237545533e-02
1.763297418890003368e-02
1.753303641963559201e-02
1.743379664213288993e-02
1.733525111556630943e-02
1.723739607258865242e-02
1.714022772112517787e-02
1.704374224610874858e-02
1.694793581115743020e-02
1.685280456019699197e-02
1.675834461902924941e-02
1.666455209684911468e-02
1.657142308771014996e-02
1.647895367194208982e-02
1.638713991752063434e-02
1.629597788139104317e-02
1.620546361074789998e-02
1.611559314427091563e-02
1.602636251331936157e-02
1.593776774308592811e-02
1.584980485371108999e-02
1.576246986135958553e-02
1.567575877925956804e-02
1.558966761870655277e-02
1.550419239003190432e-02
1.541932910353819956e-02
1.533507377040159436e-02
1.525142240354293924e-02
1.516837101846766830e-02
1.508591563407614758e-02
1.500405227344554955e-02
1.492277696458276653e-02
1.484208574115134655e-02
1.476197464317108819e-02
1.468243971769271627e-02
1.460347701944743684e-02
1.452508261147280114e-02
1.444725256571473444e-02
1.436998296360746975e-02
1.429326989663150770e-02
1.421710946684979181e-02
1.414149778742378530e-02
1.406643098310938339e-02
1.399190519073332389e-02
1.391791655965055920e-02
1.384446125218405203e-02
1.377153544404580154e-02
1.369913532474153171e-02
1.362725709795840380e-02
1.355589698193641716e-02
1.348505120982392523e-02
1.341471603001872029e-02
1.334488770649302873e-02
1.327556251910566240e-02
1.320673676389882631e-02
1.313840675338225593e-02
1.307056881680424172e-02
1.300321930040959119e-02
1.293635456768523449e-02
1.286997099959421610e-02
1.280406499479800134e-02
1.273863296986704231e-02
1.267367135948125993e-02
1.260917661661883210e-02
1.254514521273581047e-02
1.248157548370450003e-02
1.241854741004259736e-02
1.235596967225177645e-02
1.229383887106911925e-02
1.223215162543272831e-02
1.217090457262381270e-02
1.211009436840039706e-02
1.204971768712292599e-02
1.198977122187133183e-02
1.193025168455456343e-02
1.187115580601198241e-02
1.181248033610801836e-02
1.175422204381904728e-02
1.169637771731365898e-02
1.163894416402565940e-02
1.158191821072142996e-02
1.152529670355991777e-02
1.146907650814690989e-02
1.141325450958368716e-02
1.135782761250899407e-02
1.130279274113654697e-02
1.124814683928591907e-02
1.119388687040902622e-02
1.114000981761112397e-02
1.108651268366690583e-02
1.103339249103205133e-02
1.098064628184969999e-02
1.092827111795274461e-02
1.087626408086176007e-02
1.082462227177878600e-02
1.077334281157668952e-02
1.072242284078516600e-02
1.067185951957233536e-02
1.062165002772307541e-02
1.057179156461375211e-02
1.052228134918327569e-02
1.047311661990110720e-02
1.042429463473182327e-02
1.037581267109691056e-02
1.032766802583309426e-02
1.027985801514819976e-02
1.023237997457408788e-02
1.018523125891683360e-02
1.013840924220430970e-02
1.009191131763153074e-02
1.004573489750315921e-02
9.999877413173947210e-03
9.954336314987093093e-03
9.909109072210179822e-03
9.864193172969120196e-03
9.819586124180046394e-03
9.775285451479652152e-03
9.731288699152993577e-03
9.687593430060547489e-03
9.644197225562384929e-03
9.601097685441770460e-03
9.558292427826495935e-03
9.515779089109176886e-03
9.473555323865881853e-03
9.431618804773438114e-03
9.389967222525505766e-03
9.348598285747182490e-03
9.307509720908964737e-03
