4.936777588839723618e-01
5.727642324985111610e-01
6.155255046132074304e-01
7.137497863635621220e-01
7.594410641384371496e-01
7.991484368034897923e-01
8.324061142136652824e-01
6.656369055156274861e-01
7.859712077800340424e-01
8.682114703727175087e-01
9.689547463189495113e-01
1.210136397367020278e+00
1.330443547006976424e+00
1.393580840578071856e+00
1.048669637618676154e+00
8.665041129165180767e-01
8.897369965377184275e-01
1.055305258564340987e+00
9.371882585347728334e-01
9.073182312489287416e-01
8.367687390648494983e-01
8.936956120192284247e-01
9.148411972460579467e-01
9.423236831864006957e-01
8.341941938919297250e-01
7.408161649444560126e-01
7.820239989706424533e-01
8.270977384803527288e-01
7.511199490597474382e-01
8.694173194368014501e-01
8.943394541885065774e-01
9.705993583954757309e-01
1.053539971144499487e+00
1.156734573387828702e+00
1.234131658430157152e+00
1.256494136396740346e+00
1.246642585663854774e+00
1.248569510930923609e+00
1.251210035392110731e+00
1.224451921668348486e+00
1.158727878834856950e+00
1.105758119362223679e+00
1.094892461553481411e+00
1.057276712559643617e+00
9.913679491778289998e-01
9.177102335601933225e-01
8.785131266149258655e-01
8.579771705636454193e-01
9.068136450928659942e-01
9.309236135078423624e-01
9.281028537030259207e-01
9.082952099906340671e-01
8.835429356790165389e-01
8.636841409299027550e-01
8.956901040442886153e-01
9.490163919995724395e-01
1.003412873763692925e+00
1.062573213347530743e+00
1.128559977696920846e+00
1.200673937975043959e+00
1.275403737036183927e+00
1.346732524404211429e+00
1.408809882832691374e+00
1.454940886028400993e+00
1.481652177700614859e+00
1.486879548968851772e+00
1.470226838759440380e+00
1.433708969077506890e+00
1.380880118972976911e+00
1.315701599833589919e+00
1.241758508962402141e+00
1.163675778745972389e+00
1.084265149656392202e+00
1.007377268922964086e+00
9.348791030498918575e-01
8.685263004432740575e-01
8.101533439321758623e-01
7.601246120724624022e-01
7.170608018629049951e-01
6.800898190827651124e-01
6.479390818803107965e-01
6.194525992710095963e-01
5.929489835087787819e-01
5.737564998044190068e-01
5.626461927507914185e-01
5.399836398601779441e-01
5.087100783379738811e-01
4.727320213744086175e-01
4.403074505282397744e-01
4.160337931493081620e-01
3.927253094248655541e-01
3.707813846677187608e-01
3.503262625457052026e-01
3.326848983102132506e-01
3.263580831223646395e-01
3.214326388777414834e-01
3.169082191340027999e-01
3.123081850837316487e-01
3.075820299491074938e-01
3.029030494066836665e-01
2.986317338989724623e-01
2.952093609889520631e-01
2.929626154424138096e-01
2.920703151996280056e-01
2.926217791800566070e-01
2.945102039301759067e-01
2.976351586515199044e-01
3.017124683953143482e-01
3.064727535419303206e-01
3.115588376987623032e-01
3.165385096394675579e-01
3.209946491022858672e-01
3.244071914174493920e-01
3.262902970405446856e-01
3.262642278722250322e-01
3.239230203290315857e-01
3.318492837178869115e-01
3.411245271648171151e-01
3.470096031273137149e-01
3.493052618246170749e-01
3.480282572814469844e-01
3.433920396216073589e-01
3.357848928290061985e-01
3.257353578530985394e-01
3.140047064371212504e-01
3.014442581249108244e-01
2.890651184701256149e-01
2.778664361546568373e-01
2.693526423052821639e-01
2.695452261158250429e-01
2.690626774943931654e-01
2.680561012549910749e-01
2.665250669801828010e-01
2.735565862498212653e-01
2.831752897672155656e-01
2.940636012268869615e-01
3.053776566939517823e-01
3.163480274156432737e-01
3.263745266314656557e-01
3.349109077684638835e-01
3.416112237382164518e-01
3.462218368166324889e-01
3.486400515055254612e-01
3.486826870587672600e-01
3.463749733821543941e-01
3.417244918652736496e-01
3.348772533530336992e-01
3.260021781829630094e-01
3.152326028707263528e-01
3.028767691646161997e-01
2.891766378660156622e-01
2.744595205359460222e-01
2.590584471296715208e-01
2.442954579680835514e-01
2.312081421908596668e-01
2.178328251999465670e-01
2.044799010318634480e-01
1.915015440094754717e-01
1.791810386872672300e-01
1.784329485526627568e-01
1.785086540916193953e-01
1.782658840939245204e-01
1.776945212166139709e-01
1.768269405947286155e-01
1.756463888576893229e-01
1.741984814217935329e-01
1.724658184971791242e-01
1.704976386888061857e-01
1.682829807193927107e-01
1.658655159054460426e-01
1.632464048909799126e-01
1.604554908808813185e-01
1.575121448156283077e-01
1.544219702759201118e-01
1.512335207388084413e-01
1.479175891504934393e-01
1.445539199397342933e-01
1.411072830857207361e-01
1.376038044850469433e-01
1.340922208482167310e-01
1.305464554137967526e-01
1.269838800710906268e-01
1.234583910135305107e-01
1.199448909687645670e-01
1.164550718071574453e-01
1.130013603827605823e-01
1.096132253380372457e-01
1.062874842536040698e-01
1.030244363144150188e-01
1.003457372972613310e-01
1.017309313008167848e-01
1.029632848778875426e-01
1.039904762354801337e-01
1.047706111127909429e-01
1.052867326895169098e-01
1.055181721917491516e-01
1.054577993086089904e-01
1.051044190119889282e-01
1.044667686964384085e-01
1.035495029730497535e-01
1.038067469731218662e-01
1.046420821021149805e-01
1.051746857754862069e-01
1.054042666011495433e-01
1.053366701141201511e-01
1.049790087015969042e-01
1.043433673371019360e-01
1.034451911105569027e-01
1.023022356194258353e-01
1.009340538385529729e-01
9.936144643676571298e-02
9.760594823896692751e-02
9.568948612663506770e-02
9.363418558757634347e-02
9.146209448303395384e-02
8.919759498417698107e-02
8.686853089759329072e-02
8.448644883413435058e-02
8.207919982338798826e-02
7.966560422675847408e-02
7.726745523774236624e-02
7.489837838073068466e-02
7.258681488377659308e-02
7.034458939989510218e-02
6.818753566527983867e-02
6.613176296917454289e-02
6.419145040240294142e-02
6.362608470424351015e-02
6.354009930774287551e-02
6.342736261722629887e-02
6.328716101100345659e-02
6.311909825042380517e-02
6.292562747474601814e-02
6.270432432469076611e-02
6.245468691287991980e-02
6.217639973724269770e-02
6.186876220260847242e-02
6.153085991740481209e-02
6.116653453256986478e-02
6.076973406870579686e-02
6.033784241799075576e-02
5.987950550093217722e-02
5.938129783065365652e-02
5.885767505721013065e-02
5.829493122709177716e-02
5.770351750754331571e-02
5.707983258921511122e-02
5.642060588478636091e-02
5.612033084789324472e-02
5.665948013667171379e-02
5.718313660585071234e-02
5.767641085723772959e-02
5.812854647276628067e-02
5.853554925379150786e-02
5.888732986595560798e-02
5.917506490607810782e-02
5.939942321768693079e-02
5.954829157424548769e-02
5.962620855244325085e-02
5.962368750832043596e-02
5.954436265083053181e-02
5.938508279981813409e-02
5.914567926443107387e-02
5.883109837983076240e-02
5.843611390608911826e-02
5.797386732126130759e-02
5.743651565930631142e-02
5.683724149427572814e-02
5.617316134430214852e-02
5.545456449021225753e-02
5.468257469068876081e-02
5.386608630425827882e-02
5.300722258931674785e-02
5.211621193311604533e-02
5.119242980991497299e-02
5.025090036008780098e-02
4.928843951952630725e-02
4.831545430584305301e-02
4.733771184490409567e-02
4.635667852662640753e-02
4.538037196699692272e-02
4.441463109879167231e-02
4.346012676062977614e-02
4.252101879044142829e-02
4.160250648908560278e-02
4.070843638189504399e-02
3.983866084758880266e-02
3.899527602168832707e-02
3.817984659758888455e-02
3.739341755422678076e-02
3.682125195256015504e-02
3.653425151228099216e-02
3.625403349096929795e-02
3.598304130148221452e-02
3.572350505401928472e-02
3.547743558548249743e-02
3.524662162078831540e-02
3.503260528766693332e-02
3.483661945666392118e-02
3.465955659652498327e-02
3.450216107190780951e-02
3.436482083223487555e-02
3.424757427367611934e-02
3.415024190159516443e-02
3.407234136946660913e-02
3.401377570206251533e-02
3.397366260842128033e-02
3.395032958530600636e-02
3.394402601948668524e-02
3.395211799528001506e-02
3.397385421243621917e-02
3.400766084890601004e-02
3.405107854245972843e-02
3.410398786990904985e-02
3.416277312256362636e-02
3.422652300525391017e-02
3.429344331623685599e-02
3.436049458112122590e-02
3.442672870047148309e-02
3.449001702955933196e-02
3.454741447954622069e-02
3.459773551718208634e-02
3.463971593379238517e-02
3.467029352215002941e-02
3.468770294077087174e-02
3.469134026029856155e-02
3.467928034773097579e-02
3.464934470843882702e-02
3.460025377253354156e-02
3.453083265103530641e-02
3.444080555035598096e-02
3.432861826662256255e-02
3.419307688482238483e-02
3.403356895602909632e-02
3.384966429342425864e-02
3.364105619881539722e-02
3.340756875988674934e-02
3.314917305462714014e-02
3.286729998819957338e-02
3.256146853060892798e-02
3.223262179521773491e-02
3.188087431741539607e-02
3.150604871170242099e-02
3.110799396382776111e-02
3.068614250629726758e-02
3.024194320428902003e-02
2.998190204580922572e-02
2.981862151826487201e-02
2.964318350439368310e-02
2.945221510552482186e-02
2.924595467435603391e-02
2.902805334620818523e-02
2.879646916197032419e-02
2.859936225338152033e-02
2.871760100947782710e-02
2.895155544768759567e-02
2.916261096788472576e-02
2.935028543856832428e-02
2.951333763709796873e-02
2.965160953254514578e-02
2.976541539620601237e-02
2.985526188599021968e-02
2.991989105575230956e-02
2.995921350575252509e-02
2.997319322747807324e-02
2.996238818728238010e-02
2.992742137185200671e-02
2.986740346390774972e-02
2.978250989382874581e-02
2.967288456032593155e-02
2.953930937972341214e-02
2.938255333006821110e-02
2.920160964272301707e-02
2.920875186619586658e-02
2.934181700019411823e-02
2.946541005542360064e-02
2.958156750802719281e-02
2.968881762622241002e-02
2.978662841783783627e-02
2.987548706928423725e-02
2.995718723551817758e-02
3.002956817619386112e-02
3.009268706214466779e-02
3.014868917524742009e-02
3.019620755810654630e-02
3.023468568429856645e-02
3.026576774491206157e-02
3.028917470577364643e-02
3.030382510220221148e-02
3.031125813546880002e-02
3.031146016778702226e-02
3.030324127327946315e-02
3.028828946153353310e-02
3.026632171763282350e-02
3.023631130757170257e-02
3.020030355341531136e-02
3.015730453874369832e-02
3.010667509700950054e-02
3.005106886886271117e-02
2.998825670767811188e-02
2.991904711478203874e-02
2.984459842562371679e-02
2.976324927257239725e-02
2.967715494287659003e-02
2.958501921887460653e-02
2.948736614899831812e-02
2.938500471315848295e-02
2.927667451494700770e-02
2.916464824031072753e-02
2.904679243277059897e-02
2.892534305436043202e-02
2.879868472644681390e-02
2.866834879427874669e-02
2.853344185884464090e-02
2.839476864053825170e-02
2.825216102292515963e-02
2.810561329448259954e-02
2.795584562741954340e-02
2.780189944877314856e-02
2.764550345610767776e-02
2.748494020516510997e-02
2.732218510710427567e-02
2.715580005021844823e-02
2.698693215823397620e-02
2.681522875830776032e-02
2.664070461513143653e-02
2.646417324835267926e-02
2.628446811339842440e-02
2.610348369097590174e-02
2.591968958084632166e-02
2.573398897312276570e-02
2.554656079927838941e-02
2.535662152297275818e-02
2.516597266188653342e-02
2.497308092789311817e-02
2.477889227891004464e-02
2.458346252033765528e-02
2.438625990372930014e-02
2.418868958732666580e-02
2.403943036860562224e-02
2.391175736635162141e-02
2.377971242345262165e-02
2.364267265873160051e-02
2.350162857632398516e-02
2.335933189806684365e-02
2.322998105174828298e-02
2.310801417814848865e-02
2.298669758465894664e-02
2.286555746766912728e-02
2.274227487411294504e-02
2.261592066745021778e-02
2.248636973106852774e-02
2.235379341969563269e-02
2.221863162861280327e-02
2.208085283939024632e-02
2.194073685045573943e-02
2.179847168761631440e-02
2.165419004387031388e-02
2.150802794171008739e-02
2.136009884226366951e-02
2.121038616047405886e-02
2.105869758735969335e-02
2.090475930181921044e-02
2.074898916179420544e-02
2.059135095323910702e-02
2.043157805477295585e-02
2.027049778502132069e-02
2.010726199822686355e-02
1.994306804300785899e-02
1.977688599781316642e-02
1.960989972384344013e-02
1.944126461216064139e-02
1.927174959501038939e-02
1.910113130373723017e-02
1.892927572719155238e-02
1.875712114600801284e-02
1.858372547586064141e-02
1.840976691818931726e-02
1.823549124714294797e-02
1.806033699333364773e-02
1.788475569270392071e-02
1.770932387755685608e-02
1.753334649337025264e-02
1.735694016590653629e-02
1.718087215489688679e-02
1.719956746238039680e-02
1.723223547484743073e-02
1.726080941091042570e-02
1.728527587101465895e-02
1.730605678827703761e-02
1.732338258388557706e-02
1.733784028335989130e-02
1.735084951668059219e-02
1.736452561945601991e-02
1.737662034520108534e-02
1.738532958593650216e-02
1.739042641083450233e-02
1.739156482883982835e-02
1.738874434128679508e-02
1.738217444774899090e-02
1.737180660464257911e-02
1.735756552421848994e-02
1.733939097882209943e-02
1.731792189278702834e-02
1.729266605968364165e-02
1.726387682098824705e-02
1.723189682604324077e-02
1.719629512498319079e-02
1.715794783814040061e-02
1.711603007131469803e-02
1.707164647982348238e-02
1.702389655198830593e-02
1.697380449523535478e-02
1.692069270322972205e-02
1.686524450080247733e-02
1.680722647298536418e-02
1.674679186873415451e-02
1.668430768652716389e-02
1.661925286256286244e-02
1.655272315278906448e-02
1.648384798862378292e-02
1.641322822726441408e-02
1.634093127612965685e-02
1.626661288379093254e-02
1.619123201217209304e-02
1.611407286830154537e-02
1.603549341755395111e-02
1.595584806487933618e-02
1.587467408353074316e-02
1.579266358811810822e-02
1.570951691945490780e-02
1.562522035670251344e-02
1.554041065439990335e-02
1.545450734466346891e-02
1.536801734875809650e-02
1.528089697582334268e-02
1.519298502446670036e-02
1.510491308273003222e-02
1.501612527051121582e-02
1.492716061287683964e-02
1.483780147081047163e-02
1.474820736139643464e-02
1.465850006604558185e-02
1.456857649363758368e-02
1.447872817322930911e-02
1.438872286897477371e-02
1.429892521282644970e-02
1.420901305595665895e-02
1.411944302348022359e-02
1.402978858295316281e-02
1.394055993494287479e-02
1.385138390246200626e-02
1.376250674231620057e-02
1.367395145071949314e-02
1.358552514627680945e-02
1.349767655165878995e-02
1.341007101129993752e-02
1.332272677440527950e-02
1.323605321828733548e-02
1.314967871802543223e-02
1.306363738488647633e-02
1.297833754488954272e-02
1.289343396522250017e-02
1.280894419715603895e-02
1.272512847518004336e-02
1.264189718494798838e-02
1.255914739356474644e-02
1.247690273340498583e-02
1.239550958006271734e-02
1.231465365504082719e-02
1.223435424517342954e-02
1.215462928453544741e-02
1.207574263028769919e-02
1.199750052489427336e-02
1.191987036633221538e-02
1.184286531579659824e-02
1.176649737152369798e-02
1.169101747982293112e-02
1.161620692012024954e-02
1.154205542145955200e-02
1.146857093012288754e-02
1.139576040945567380e-02
1.132362987530073292e-02
1.125239419093622927e-02
1.118185521518388903e-02
1.111200273851553448e-02
1.104283953147803914e-02
1.097436758185079894e-02
1.090658812675997930e-02
1.083950168419505963e-02
1.077319180171363786e-02
1.070767495117967184e-02
1.064284372036559609e-02
1.057869622413313421e-02
1.051523000222261833e-02
1.045244204705057627e-02
1.039032883087003846e-02
1.032888633229099920e-02
1.026811006215864845e-02
