4.486334129085877698e-01
5.106550813437655822e-01
5.203707389410198170e-01
6.274500346422769992e-01
6.784073390763971645e-01
6.731576202027252931e-01
6.913656577844199402e-01
6.088962966480652161e-01
5.406770646602840902e-01
5.065541932890890164e-01
5.490074010331514875e-01
6.192560762575283206e-01
5.908913077122047719e-01
5.380340869181504670e-01
5.490886372924992376e-01
5.487639814492087931e-01
6.412256206558524241e-01
7.273618699375334895e-01
8.817721792640811351e-01
9.734567189095648665e-01
1.046943067755528700e+00
9.991891833262830369e-01
1.020353613947541538e+00
1.053707907596144633e+00
1.189119785531697726e+00
1.304543398324091052e+00
1.293204900759983511e+00
1.278911737486325251e+00
1.297857665109866998e+00
1.369622414075545747e+00
1.424313814645636667e+00
1.422476221460708290e+00
1.335626844192476792e+00
1.265766356661036651e+00
1.179646366968271298e+00
1.092520357547825727e+00
1.019674742709780535e+00
9.830420938418228394e-01
9.825040104545553765e-01
1.015974541846477175e+00
1.053825372000215754e+00
1.082231670769908227e+00
1.090906188701452395e+00
1.095411841444211554e+00
1.090472899455948275e+00
1.063948496364441665e+00
1.020618577998064325e+00
9.629186204151782835e-01
9.857947807409257468e-01
1.009170697552874696e+00
1.011164244027267900e+00
1.001334515246776080e+00
9.862135685729472856e-01
1.002775522179244927e+00
1.028237660111139373e+00
1.034031092243529626e+00
1.024150891154724130e+00
9.956233247875430070e-01
9.554232453740640896e-01
9.079053835272604678e-01
8.599579275440867310e-01
8.026907048157629898e-01
7.374164854283604686e-01
6.671025649540589519e-01
5.934259247497277734e-01
5.752738720848049603e-01
5.637356694228058407e-01
5.514431464687939988e-01
5.356239628238634864e-01
5.322555138639792904e-01
5.427684949835426265e-01
5.531194663286039814e-01
5.605872490036459821e-01
5.663943300295246619e-01
5.695411310110284342e-01
5.694831762098979677e-01
5.678870584770425722e-01
5.630450442274820277e-01
5.559144049048083680e-01
5.470977967385657337e-01
5.356419272731356429e-01
5.231647179495905187e-01
5.089029758769020306e-01
4.929588342612493679e-01
4.871370800115523703e-01
5.054865169316412610e-01
5.198984817784809698e-01
5.304462941984716684e-01
5.372035466531863701e-01
5.403014207426806159e-01
5.399852107054043948e-01
5.365873721533384044e-01
5.304633778876745032e-01
5.219543088794177388e-01
5.113832631730800271e-01
4.991076405605181510e-01
4.855909309740564228e-01
4.709442964134429310e-01
4.554405983816124381e-01
4.519642880605217461e-01
4.470858663172417868e-01
4.405706591325556643e-01
4.333627863204935760e-01
4.245613603186103036e-01
4.146420350626496831e-01
4.038453060733646627e-01
3.917291632262951961e-01
3.792425475362286580e-01
3.657212501263484294e-01
3.515910318913705312e-01
3.369969965074432472e-01
3.217148942985629256e-01
3.063566843634900616e-01
2.948095836631268729e-01
2.874495554144543830e-01
2.798881165248594538e-01
2.725815211613710765e-01
2.650806219993290802e-01
2.588148664320763515e-01
2.563991709063241364e-01
2.538954787732610185e-01
2.514931892564119531e-01
2.490014542493538818e-01
2.464461497532871304e-01
2.439871992961969716e-01
2.415706020209575644e-01
2.391454159157499204e-01
2.367312934219633069e-01
2.344368260514833047e-01
2.322521539025640402e-01
2.301112463171101352e-01
2.280240989981614508e-01
2.259980372895626921e-01
2.241121072084555355e-01
2.223503222040886518e-01
2.206508831763550893e-01
2.190128830928665116e-01
2.174336410990978519e-01
2.159089544053183762e-01
2.145251130055754463e-01
2.132085509581578275e-01
2.119247099295569203e-01
2.106661881486935617e-01
2.094251906721320555e-01
2.081937318055901709e-01
2.070583340264582628e-01
2.059378794600867091e-01
2.048020431026009724e-01
2.036437321549844082e-01
2.024563261182714680e-01
2.012423578839121763e-01
2.000973671112103169e-01
1.989051407878699440e-01
1.976615044542458788e-01
1.963629871297549734e-01
1.950068292008694526e-01
1.936633332933143103e-01
1.923011705944813743e-01
1.908745091757300949e-01
1.893831576077967260e-01
1.878275299367781759e-01
1.862460624690117361e-01
1.846741848149942300e-01
1.830390414576004154e-01
1.813429447183157739e-01
1.795885982791483315e-01
1.777860526130202179e-01
1.760240754727451784e-01
1.742099547458749453e-01
1.757802706963029205e-01
1.792873567442967997e-01
1.823489000899640167e-01
1.849676922741991247e-01
1.871877703359680345e-01
1.891198951112342541e-01
1.908733574838613611e-01
1.925958374014832275e-01
1.942758964697348656e-01
1.957222697673020317e-01
1.968269881458614146e-01
1.974873878445852771e-01
1.976761874302933319e-01
1.973867126831460039e-01
1.965833290489054086e-01
1.952787674489009639e-01
1.935023351459029539e-01
1.913209964803537499e-01
1.886983917611942119e-01
1.856371140886307058e-01
1.821972125708097023e-01
1.790626751978524056e-01
1.790653062726667577e-01
1.788976768507059278e-01
1.786128670562760756e-01
1.782208597421890417e-01
1.776789958153347782e-01
1.770913688550205534e-01
1.763619729474866504e-01
1.755639954347636145e-01
1.746725825334712323e-01
1.736853387886707900e-01
1.726477575231268602e-01
1.714966053479814179e-01
1.703298449094816924e-01
1.690458891299680966e-01
1.677574498059405117e-01
1.663628960990200523e-01
1.649623898109510711e-01
1.634677172481597274e-01
1.619734998261521675e-01
1.603914554598697140e-01
1.588198541785017237e-01
1.571635036677121455e-01
1.555288871361031888e-01
1.538139759397882944e-01
1.521280533812531532e-01
1.503748923624636247e-01
1.486499254917761359e-01
1.475133188255462469e-01
1.466711348104300927e-01
1.458047894145338697e-01
1.449448331423761616e-01
1.440893734511399793e-01
1.432135845106985439e-01
1.423190728970225583e-01
1.414073183795474808e-01
1.404796813015231627e-01
1.395645116239599415e-01
1.386560976338376827e-01
1.377338285495580961e-01
1.367987025968432913e-01
1.358516324265710284e-01
1.348934515413417745e-01
1.339344060821725246e-01
1.329987114486544941e-01
1.320527912268668336e-01
1.310972566881858370e-01
1.301326669479928311e-01
1.291595338532406378e-01
1.281783265986808917e-01
1.272274641115391514e-01
1.262687313723885874e-01
1.253021045957505852e-01
1.243279488645774172e-01
1.233466045152417229e-01
1.223755589020004836e-01
1.214154711706414425e-01
1.204481782454279726e-01
1.194739705552163717e-01
1.184931260294568578e-01
1.175740824942279605e-01
1.167199552371607496e-01
1.158474162499036758e-01
1.149595633813282197e-01
1.149580287415985363e-01
1.160567296115839336e-01
1.170210359310697307e-01
1.178835893308287086e-01
1.186248983942381485e-01
1.192709992321571988e-01
1.198279088119175162e-01
1.203075161587910946e-01
1.207150209995559026e-01
1.210498692196589621e-01
1.213039309646897490e-01
1.214743807981791823e-01
1.215618122091228215e-01
1.215471458138652622e-01
1.214357156622972028e-01
1.212131694666463005e-01
1.208837542860660419e-01
1.204282943994772898e-01
1.198519031745545887e-01
1.191603343956097877e-01
1.183419613814162275e-01
1.173997250101172229e-01
1.163367682313136975e-01
1.151558371229513683e-01
1.138594724802085845e-01
1.124503626100896991e-01
1.109341157508132447e-01
1.093113709352211554e-01
1.075853554258541095e-01
1.057603419835671521e-01
1.038409741027801203e-01
1.018318521438932450e-01
9.973719140397924177e-02
9.756382289978901556e-02
9.531635818612040068e-02
9.299825796180107018e-02
9.061540762983980035e-02
8.817383482518773019e-02
8.682572857489087581e-02
8.764396249372873038e-02
8.842051376182266664e-02
8.915043070844196060e-02
8.982853928608992844e-02
9.044981920043752843e-02
9.102960424687434049e-02
9.155394725512044918e-02
9.201929108389303447e-02
9.244830896535714826e-02
9.281786913760271818e-02
9.314071244495374102e-02
9.342086681180755692e-02
9.364708896948338579e-02
9.383725577799002793e-02
9.398552858243436336e-02
9.409042803559332369e-02
9.415770260509473411e-02
9.419805434507048936e-02
9.420329289719725496e-02
9.417537085401096741e-02
9.411517083346365720e-02
9.402429745521562188e-02
9.390949748366984873e-02
9.375956282163233624e-02
9.357203682692996627e-02
9.336421002153931503e-02
9.311913414332001482e-02
9.284071531264283250e-02
9.253845536916771586e-02
9.219418738026782800e-02
9.183585722320757039e-02
9.143575840785395092e-02
9.101793170347731443e-02
9.056379470911656016e-02
9.009097089728411445e-02
8.958458480097716836e-02
8.906116983761545869e-02
8.850517824857888349e-02
8.793546624361017749e-02
8.733357546048668707e-02
8.672173105051635134e-02
8.607830010191461212e-02
8.542834517740346967e-02
8.474807648533193294e-02
8.406388046400865843e-02
8.335175144798147306e-02
8.263702349352906873e-02
8.189783705989442386e-02
8.115612234568753136e-02
8.039428421693188553e-02
7.962896270221618555e-02
7.884856401519103886e-02
7.806284981686308078e-02
7.726730718111340934e-02
7.646425100088438676e-02
7.565619577566638776e-02
7.483868878047032769e-02
7.402076263852835902e-02
7.319153653898781420e-02
7.236708344743045251e-02
7.153335028375912286e-02
7.070092905558766905e-02
6.986528021118031118e-02
6.902680557517903992e-02
6.819101906366871468e-02
6.735000401041812967e-02
6.651510934760998528e-02
6.567863339963186942e-02
6.484246447598744634e-02
6.401395583152794111e-02
6.318894324005260021e-02
6.237109027203956851e-02
6.156519419834846629e-02
6.091724124253750094e-02
6.028771854344992104e-02
5.966103231356412878e-02
5.903892777708771161e-02
5.841668014424339361e-02
5.779135588412206981e-02
5.716932877162672622e-02
5.654431125752053255e-02
5.591909865488587511e-02
5.529331043055133593e-02
5.466647166987961132e-02
5.403938607716431142e-02
5.341238004009646323e-02
5.278507153479419789e-02
5.215925139593000082e-02
5.153424522255162232e-02
5.091085440402851742e-02
5.029029050262182748e-02
4.967046850886593090e-02
4.905582327946902271e-02
4.844115147976790076e-02
4.783376612252074334e-02
4.775912397583655100e-02
4.821579721370572447e-02
4.865025062373581205e-02
4.906285562799132804e-02
4.945651621393595126e-02
4.982635240880380761e-02
5.017528840500849047e-02
5.050394414050381198e-02
5.080847741627812081e-02
5.109650914727326132e-02
5.135952734771584427e-02
5.160685296251132925e-02
5.183087328699745311e-02
5.203821883485116456e-02
5.222469828959460519e-02
5.239389231221885934e-02
5.254401648175770906e-02
5.267690802638029524e-02
5.279168433034154423e-02
5.289013224345719133e-02
5.297055827903014019e-02
5.303642077134352456e-02
5.308353070033885318e-02
5.311865575079917356e-02
5.313369812268585457e-02
5.313991404091048670e-02
5.312667356391487933e-02
5.310345378779762066e-02
5.306408559407246178e-02
5.301245578379076839e-02
5.294871151093633044e-02
5.287006016729044883e-02
5.278364799443469035e-02
5.268122854007938755e-02
5.263975683052288246e-02
5.278322505988619628e-02
5.291707966423310483e-02
5.303960377759436851e-02
5.314989771641867589e-02
5.324679843115324301e-02
5.332930706449798275e-02
5.340044181751753272e-02
5.345706752109882082e-02
5.349890208619786924e-02
5.352592679752446458e-02
5.354253912896251438e-02
5.354532790634583539e-02
5.353393731306919923e-02
5.351041422141284559e-02
5.347650477749988501e-02
5.342901976258733476e-02
5.336875129710791366e-02
5.330004340616116554e-02
5.321733214760710623e-02
5.312364413473590757e-02
5.301981683749663887e-02
5.290177572733101297e-02
5.277751407794922800e-02
5.263900693038943424e-02
5.249299816985750905e-02
5.233574488250065937e-02
5.216908415794812431e-02
5.199460271131205874e-02
5.180874354088493144e-02
5.161869373488511825e-02
5.141809408520166963e-02
5.121130194210352787e-02
5.099860915310602122e-02
5.077842672279673369e-02
5.055330888306109466e-02
5.032477105727212879e-02
5.009140205981568034e-02
4.985398099282231654e-02
4.961304503764105145e-02
4.936915343910545928e-02
4.912384355032092809e-02
4.887635819803449327e-02
4.862682430651212029e-02
4.837560874096292346e-02
4.812318107123817607e-02
4.786993897622457417e-02
4.761628861011419495e-02
4.736272796722809653e-02
4.710970432197167379e-02
4.685752901769549977e-02
4.660738519647428246e-02
4.635924481752783100e-02
4.611303577750405780e-02
4.586949106296698414e-02
4.563054826899834437e-02
4.539409672490272302e-02
4.516082818996856180e-02
4.493123263634453413e-02
4.470478294469946295e-02
4.448421826034181653e-02
4.426961934552089278e-02
4.406045580625695540e-02
4.385642812306411037e-02
4.365493572631062164e-02
4.350403904674553929e-02
4.342092511215019102e-02
4.333645099986051241e-02
4.325291369341119352e-02
4.316893369557772003e-02
4.308544983512088006e-02
4.300332701715143396e-02
4.292341850181106977e-02
4.284966903117497228e-02
4.279144101024891927e-02
4.274047498234494202e-02
4.269011106683172352e-02
4.264052394524462525e-02
4.258988980613581665e-02
4.253809781408363772e-02
4.248591472804011393e-02
4.243215156666630544e-02
4.237689878519836084e-02
4.232138651709690252e-02
4.226301157989360846e-02
4.220432499239807483e-02
4.214454500554513233e-02
4.208212512801118993e-02
4.201890099882870516e-02
4.195538471888259069e-02
4.188942838218526893e-02
4.182111150400849575e-02
4.175431152775899851e-02
4.168527129046541851e-02
4.161404159157792992e-02
4.154195778654727611e-02
4.147023345409854567e-02
4.139647159462642861e-02
4.132073500309242642e-02
4.124507001681466944e-02
4.116910881782304826e-02
4.109130109120040508e-02
4.101170132144416058e-02
4.093284331318949865e-02
4.085323711119767665e-02
4.077194608935745535e-02
4.068901735762838617e-02
4.060745462522772492e-02
4.052469178699193847e-02
4.044038008953476648e-02
4.035486809731152202e-02
4.027081814539169857e-02
4.018529643012525021e-02
4.009833940261876839e-02
4.001123235844816772e-02
3.992464332540196503e-02
3.983668183535274410e-02
3.974737926670208338e-02
3.965935503583261496e-02
3.957049548766886082e-02
3.948034560231076379e-02
3.939043153658641078e-02
3.930075667342534940e-02
3.920983474723038764e-02
3.911893327504887413e-02
3.902850457725581812e-02
3.893686559707494610e-02
3.884604124013357057e-02
3.875490091988424007e-02
3.866367905729984483e-02
3.857302345443303082e-02
3.848252069821708754e-02
3.839232979188439421e-02
3.830332078834514792e-02
3.821474576701369003e-02
3.812710680931764157e-02
3.804078230981026293e-02
3.795578796199843008e-02
3.787224351449106075e-02
3.778962358822787748e-02
3.770723618290782592e-02
3.762543099992265994e-02
3.754418954386415375e-02
3.746260229035471706e-02
3.738190420311878620e-02
3.730051122145992132e-02
3.721963721994546448e-02
3.713841693793544507e-02
3.705659593512155431e-02
3.697552916587321797e-02
3.689325232556846246e-02
3.681104119614975190e-02
3.672890239407418378e-02
3.664556761876086588e-02
3.656221502021588660e-02
3.647900442765028561e-02
3.639461098155517826e-02
3.630962089252310482e-02
3.622533898827569321e-02
3.613988667813718136e-02
3.605327591790868230e-02
3.596765004443755465e-02
3.588113909397760287e-02
3.579348151730681743e-02
3.570576102145169017e-02
3.561819241638727873e-02
3.552948892449143276e-02
3.543966206631374294e-02
3.535094869346603469e-02
3.526120140714785606e-02
3.517034255651538960e-02
3.507953479966381682e-02
3.498874672915790879e-02
3.489685922005961866e-02
3.480430456973491321e-02
3.471247922372292655e-02
3.461956701726352087e-02
