4.796239040397128894e-01
4.833906926066408594e-01
4.808752641736556699e-01
5.057935080587950827e-01
5.021689329234573229e-01
5.397189761973649746e-01
5.163217409424446513e-01
5.442874616057281623e-01
5.777321666414649837e-01
5.520245884717052132e-01
5.874909761962306964e-01
5.208752397821716507e-01
6.400236803097923977e-01
5.538444626540370841e-01
5.640670477810122430e-01
5.985093334766208306e-01
6.373683284781745950e-01
6.777800448670386890e-01
6.564946582658495178e-01
6.869058114268193904e-01
8.620829610118372344e-01
1.067031197514951790e+00
1.101545958585343987e+00
9.878963793124501125e-01
9.321131799535098406e-01
9.618050876089794254e-01
9.926372588638182615e-01
1.006232165351421681e+00
1.098868501967733557e+00
1.289803694855386595e+00
1.390577987415244854e+00
1.500897476790787444e+00
1.528334384642747734e+00
1.566280586054849877e+00
1.618343310647653466e+00
1.526743359877257067e+00
1.387905551176813912e+00
1.318177608980414028e+00
1.193575444732608570e+00
1.110155561191042084e+00
1.125472073581299526e+00
1.244274588509545643e+00
1.408946200952657657e+00
1.538891343678674417e+00
1.590441964954851795e+00
1.562834516272721519e+00
1.464164686878302923e+00
1.321948344346856263e+00
1.253139033236475131e+00
1.278443903376139223e+00
1.310685839698590982e+00
1.429873340475470878e+00
1.515072072078970100e+00
1.547294273223289496e+00
1.524913975197476512e+00
1.451683309870633654e+00
1.336764575892702700e+00
1.195873561408920871e+00
1.048810622693644001e+00
9.793499070329282352e-01
9.352029535158875584e-01
9.144870823392096115e-01
9.220293839153440585e-01
9.690266652844314876e-01
1.067265796112757403e+00
1.161195345376152099e+00
1.244550725232098420e+00
1.312891997982725156e+00
1.361610078979129668e+00
1.386330358763399273e+00
1.384580122749395903e+00
1.355857730554373308e+00
1.302768431140727934e+00
1.230514618575420105e+00
1.145553548619699491e+00
1.055506408569021781e+00
9.676009356707671039e-01
8.880185261796325058e-01
8.206884598905023198e-01
7.670215636474497778e-01
7.259175651675847663e-01
6.945444241274256747e-01
6.699279938585569472e-01
6.500783121078589355e-01
6.341461565377570775e-01
6.219330243761537202e-01
6.132729258743866430e-01
6.076058383563813781e-01
6.038040929825170267e-01
6.003685333001100854e-01
5.955326353172746279e-01
5.877905444357758302e-01
5.760637864917945716e-01
5.600186303440317648e-01
5.398650303175408505e-01
5.163618371444137489e-01
4.905396408953692777e-01
4.635979214610829180e-01
4.367556513342290558e-01
4.190386370184752685e-01
4.108380532777530791e-01
4.003657451469932460e-01
3.891069534917176997e-01
3.783708589669592670e-01
3.692168537925078486e-01
3.623035765482099380e-01
3.578603047996734565e-01
3.563656411112349764e-01
3.687133532985993889e-01
3.832644953715962366e-01
3.992969817530356846e-01
4.160923759054417359e-01
4.330349864108957170e-01
4.495228447021960005e-01
4.650400839357858307e-01
4.791069293437157373e-01
4.913664478626743604e-01
5.015067352536033418e-01
5.093399344554466746e-01
5.148001281398537632e-01
5.178704705108021500e-01
5.186254004459817102e-01
5.172043760806536161e-01
5.137750050545301095e-01
5.085385768849116639e-01
5.017388317952097276e-01
5.027673810263357801e-01
5.041798398262509195e-01
5.038546159818828585e-01
5.019248886488929529e-01
4.984777396673467087e-01
4.936332565443545817e-01
4.875324852174175438e-01
4.803543695597164431e-01
4.722384522684009434e-01
4.633968947024188489e-01
4.539917146371821310e-01
4.441589498281872661e-01
4.379449814748049841e-01
4.310050283218100353e-01
4.232334168381130524e-01
4.148176336789971552e-01
4.058953736592904038e-01
3.965838181156556841e-01
3.869657722143957645e-01
3.770839274995227974e-01
3.669918376532258497e-01
3.567229238617159459e-01
3.463277526405338369e-01
3.358464441261252431e-01
3.253260141512589465e-01
3.148193549110305800e-01
3.043760744750331759e-01
2.940479098869218655e-01
2.838785270327081056e-01
2.739010825715650910e-01
2.641386291053023916e-01
2.551862227031435615e-01
2.477863821711105974e-01
2.406372000327759997e-01
2.337424305719744133e-01
2.326607576284240864e-01
2.326359703230964637e-01
2.324323537768228642e-01
2.320392621807976508e-01
2.313893381175096131e-01
2.303302572237319601e-01
2.287828744947683624e-01
2.267202838201088089e-01
2.241346214208594922e-01
2.210478881501434234e-01
2.174756648353736443e-01
2.134656575124452005e-01
2.090461901564924507e-01
2.042637401171740197e-01
1.991738733387061200e-01
1.938547819189762600e-01
1.883778201506730587e-01
1.831279719901334757e-01
1.784712930471052394e-01
1.735316125111436847e-01
1.698421722235055609e-01
1.679313582576947850e-01
1.659207651296724373e-01
1.638776786572632149e-01
1.618005349081138855e-01
1.594624942333980055e-01
1.568447224983704202e-01
1.539818431729745862e-01
1.509073508226036198e-01
1.476352075492931570e-01
1.441829259185004042e-01
1.426496957887027905e-01
1.412701231406651992e-01
1.399416079457776463e-01
1.386555149976268497e-01
1.374089219761466807e-01
1.361982367906267588e-01
1.350224396414160533e-01
1.338780156761260609e-01
1.327562221563464429e-01
1.316525073438113980e-01
1.305625272008811011e-01
1.294867310957936168e-01
1.284196960340292792e-01
1.273559882896250772e-01
1.262934721004580207e-01
1.252307717573205303e-01
1.241730730464652571e-01
1.231153101107137493e-01
1.220575917987565262e-01
1.210014551222025891e-01
1.199490072029232302e-01
1.189078204735130456e-01
1.178761545905357283e-01
1.168565172730629681e-01
1.158521377411991238e-01
1.148662121280445703e-01
1.139023397378425284e-01
1.129665376548619066e-01
1.120572072003223063e-01
1.111763369008356706e-01
1.103254016731595732e-01
1.095053124673236039e-01
1.087163839284302630e-01
1.079592684481036624e-01
1.072348892396769726e-01
1.065389595508038911e-01
1.058694560108599941e-01
1.052238426829806839e-01
1.045991273760432105e-01
1.039919267050603141e-01
1.034010739274582730e-01
1.028218517394532544e-01
1.022484860807036239e-01
1.016767831956287560e-01
1.011025369232295551e-01
1.005227602172532597e-01
9.993616502886416841e-02
9.933513942821485532e-02
9.871611079567700620e-02
9.807580965825148100e-02
9.741540532876702407e-02
9.672968991610876588e-02
9.601510203546007038e-02
9.526991516581358177e-02
9.449671354319066907e-02
9.369248683372191633e-02
9.285502440984083616e-02
9.198432455413745046e-02
9.108497032898610346e-02
9.015470826383507885e-02
8.919342181809911119e-02
8.820260570589319449e-02
8.718770662474101263e-02
8.614818715033605023e-02
8.508509909785710867e-02
8.400095360182385784e-02
8.289963269806101265e-02
8.178537889369308367e-02
8.065819110326373498e-02
7.952103516636274683e-02
7.837690728903422277e-02
7.722880280523095053e-02
7.608134595743622219e-02
7.493646861278015214e-02
7.379604327818847787e-02
7.266280119344961652e-02
7.153935333853291001e-02
7.042817405475723658e-02
6.933158732588709516e-02
6.825175566004601513e-02
6.719067148311110016e-02
6.615015092865911273e-02
6.513182988847728005e-02
6.413716217089827920e-02
6.316741960155432267e-02
6.222369389225632791e-02
6.130690009831534643e-02
6.111233366289627045e-02
6.113871180297114627e-02
6.109696318016486632e-02
6.098777918013791044e-02
6.081258308047993860e-02
6.057374413338920127e-02
6.027279054178037720e-02
5.991273723296929726e-02
5.949840890394952203e-02
5.903461081197180355e-02
5.852627605210212330e-02
5.797795835448922575e-02
5.739937838281208154e-02
5.680838372327297325e-02
5.623340145693062064e-02
5.564457826130995294e-02
5.504015549408231012e-02
5.442125932227932089e-02
5.378647710137229171e-02
5.313581769685913475e-02
5.247261177498842993e-02
5.179945864726402671e-02
5.111785675982808558e-02
5.043012404800577275e-02
4.974991395282033629e-02
4.943254531844581273e-02
4.911241149769487307e-02
4.878961738781251167e-02
4.846586545647973976e-02
4.814139794812105633e-02
4.781713077958760910e-02
4.749421882301245457e-02
4.717260339593282864e-02
4.685343626346834267e-02
4.653736175380011886e-02
4.622441806686305305e-02
4.591512972432788831e-02
4.561059526737753361e-02
4.531065659264948281e-02
4.501558409175894504e-02
4.472571497013284186e-02
4.444134672069004199e-02
4.416311396620034579e-02
4.389091616243828708e-02
4.362485663756569820e-02
4.342629845578357961e-02
4.332810235371451629e-02
4.323468765463626962e-02
4.314586343048819328e-02
4.306111617839461503e-02
4.298027278936644713e-02
4.290317402444515649e-02
4.282967338848452793e-02
4.275963604848628807e-02
4.269293779976162523e-02
4.262946408239196711e-02
4.256910904973423143e-02
4.251177469005706921e-02
4.245737000181017129e-02
4.240581022250614757e-02
4.235701611074438322e-02
4.231091328050020500e-02
4.226743158647917886e-02
4.222650455903829286e-02
4.218806888694044688e-02
4.215206394603103479e-02
4.211843137175430574e-02
4.208711467333681872e-02
4.205805888737088050e-02
4.203121026849542669e-02
4.200651601484579195e-02
4.198392402594632034e-02
4.196338269075340632e-02
4.194484070358653338e-02
4.192824690575329416e-02
4.191355015074111484e-02
4.190069919092561518e-02
4.188964258384423461e-02
4.188032861616862446e-02
4.187270524361782348e-02
4.186672004515612500e-02
4.186232018991844356e-02
4.185945241542193829e-02
4.185806301571900340e-02
4.185809783825330394e-02
4.185950228828375086e-02
4.186222133983386051e-02
4.186619955222336403e-02
4.187138109132794439e-02
4.187770975479437885e-02
4.188512900052977772e-02
4.189358197784747578e-02
4.190301156073366479e-02
4.191336038275989689e-02
4.192457087323043369e-02
4.193658529420770525e-02
4.194934577811410686e-02
4.196279436565173576e-02
4.197687304382537871e-02
4.199152378389336276e-02
4.200668857910377224e-02
4.202230948210154693e-02
4.203832864192013491e-02
4.205468834049592292e-02
4.207133102865693447e-02
4.208819936156120434e-02
4.210523623356633716e-02
4.212238481253105515e-02
4.213958857355024068e-02
4.215679133213607460e-02
4.217393727686593458e-02
4.219097100151091018e-02
4.220783753667189941e-02
4.222448238094466538e-02
4.224085153163463502e-02
4.225689151504262442e-02
4.227254941634214086e-02
4.228777290906003683e-02
4.230251028417724574e-02
4.231671047885462306e-02
4.233032310479325350e-02
4.234329847622449877e-02
4.235558763753374811e-02
4.236714239050422964e-02
4.237816451085096164e-02
4.238850970712824268e-02
4.239798666527393178e-02
4.240655030371058565e-02
4.241415642691975102e-02
4.242076175013741179e-02
4.250406945659563479e-02
4.263095449398444925e-02
4.275718362875548240e-02
4.288261531540698418e-02
4.300764976908742071e-02
4.313165958047499721e-02
4.325447212776451639e-02
4.337633410451564864e-02
4.349699234059095643e-02
4.361606896218813562e-02
4.373378582728426611e-02
4.385000674204411059e-02
4.396427957274753190e-02
4.407691975487139369e-02
4.418767094173444571e-02
4.429612768722356042e-02
4.440279767943811767e-02
4.450710639544414038e-02
4.460887829802750310e-02
4.470865527181984433e-02
4.480561409103824694e-02
4.490005410156892862e-02
4.499192785138853706e-02
4.508069957842362335e-02
4.516708181981912706e-02
4.525026323682017348e-02
4.533045891876844036e-02
4.540774931098501277e-02
4.548152601445391158e-02
4.555260275904711442e-02
4.562006750832065666e-02
4.568431952334808116e-02
4.574522808513528660e-02
4.580244744054446510e-02
4.585657840460088258e-02
4.590674877424615052e-02
4.595373317323894063e-02
4.599682843210148309e-02
4.603634423980853402e-02
4.607220137652807967e-02
4.610410454092825350e-02
4.613258358163369738e-02
4.615680806493650812e-02
4.617774270151144694e-02
4.619441594906206067e-02
4.620750082184742896e-02
4.621654010320886546e-02
4.622172889531553364e-02
4.622307340357639099e-02
4.622034009822324069e-02
4.621395047456628574e-02
4.620328856214800384e-02
4.618914634653086687e-02
4.617058657104255309e-02
4.614867757292356876e-02
4.612237351305854133e-02
4.609260054950082425e-02
4.605858380356784437e-02
4.602100748739696573e-02
4.597932808428734086e-02
4.593402353606977628e-02
4.588474912752951024e-02
4.583180637987965822e-02
4.577502138558754707e-02
4.571454652250718509e-02
4.565035123119174504e-02
4.558246931403856644e-02
4.551097893953068296e-02
4.543583619554922293e-02
4.535717989735466027e-02
4.527493959139562013e-02
4.518925949229113392e-02
4.510009368455537154e-02
4.500754390755340451e-02
4.491162817098691418e-02
4.481237388810919986e-02
4.470988640224932836e-02
4.460410288193510098e-02
4.449522430961009439e-02
4.438309596459546341e-02
4.428108869969771960e-02
4.452542328795864451e-02
4.476249323559422510e-02
4.499253579584615997e-02
4.521572074834065424e-02
4.543198405396568773e-02
4.564101318019638670e-02
4.584225870775588546e-02
4.603531826457133574e-02
4.621971056254158688e-02
4.639527297387172761e-02
4.656193877213325727e-02
4.671967206178020970e-02
4.686836999101592904e-02
4.700789244449454785e-02
4.713815221034607650e-02
4.725914724388436544e-02
4.737093940539492676e-02
4.747362641110832587e-02
4.756763691558010820e-02
4.765347896188897731e-02
4.773216345017305268e-02
4.780421320333281404e-02
4.787098205493244690e-02
4.793327301550544262e-02
4.799094453578984371e-02
4.804581096500557674e-02
4.809854482255161018e-02
4.814943169760402264e-02
4.820223410885122323e-02
4.825186601867473279e-02
4.829514727358833609e-02
4.833142994850430502e-02
4.836049494208004979e-02
4.838224612320532469e-02
4.839614098003967857e-02
4.840248191879285150e-02
4.840118225063926027e-02
4.839255972506111697e-02
4.837674686046020828e-02
4.835361817628666681e-02
4.832328347686502823e-02
4.828536393905501906e-02
4.824040576367136929e-02
4.818866402217403255e-02
4.813081917147707389e-02
4.806780728013539117e-02
4.800018262328554358e-02
4.792854845293387234e-02
4.785711913321156336e-02
4.778990000810326433e-02
4.772929740681775695e-02
4.766846211228215752e-02
4.760422280626430691e-02
4.753771202843311977e-02
4.746882026201701410e-02
4.739657288120407291e-02
4.732037787741745494e-02
4.724134951138586613e-02
4.716104784470537270e-02
4.707808825016504550e-02
4.699207012107753378e-02
4.690228435866778539e-02
4.680760955781020777e-02
4.670754082693836379e-02
4.660172037402362383e-02
4.649002117254358996e-02
4.637226033672831732e-02
4.624861782477161787e-02
4.611887749656277957e-02
4.598308626168326474e-02
4.584135943405529684e-02
4.569413570714097456e-02
4.554144972982779316e-02
4.556909790668276644e-02
4.560529458169901990e-02
4.563739171468249312e-02
4.566539540079306292e-02
4.568940784283834905e-02
4.570930512294157227e-02
4.572520379200419732e-02
4.573732890360091008e-02
4.574559091332919963e-02
4.574998138876284343e-02
4.575069674290549449e-02
4.574760409831049590e-02
4.574083606935324536e-02
4.573066020196552006e-02
4.571726390375774329e-02
4.570096635721325462e-02
4.568202821789447976e-02
4.566147650949099052e-02
4.564131094353694740e-02
4.563781628451864247e-02
4.563857822460150315e-02
4.563824828547666246e-02
4.563689094260221790e-02
4.563824202837525601e-02
4.566111281940222338e-02
4.568256523163603811e-02
4.570169734025480990e-02
4.571856164486689383e-02
4.573339577757311314e-02
4.574636196028982610e-02
4.575754724005938467e-02
4.576709667218000627e-02
4.577484897803137109e-02
4.578054635223294255e-02
4.578407780818778000e-02
4.578524580332628963e-02
