5.198334538605315913e-01
5.088920496547335581e-01
5.610396893587612510e-01
5.772862369492405277e-01
5.624476487901166610e-01
5.871077905568387045e-01
5.631521539186579162e-01
5.343289071987189498e-01
5.887073622102241277e-01
6.771235525135647082e-01
7.164416301951219701e-01
7.420537886381110004e-01
7.269654378861303279e-01
7.580816773392280439e-01
7.417373372600787329e-01
6.958155617589495412e-01
6.909442806300826190e-01
6.270788752676624833e-01
5.766720587728429992e-01
5.764891451916737131e-01
5.712590541810862454e-01
5.751112560117520589e-01
5.884474690164163135e-01
6.135491491717194323e-01
6.566643899884405666e-01
6.516861586773048387e-01
6.050105161648910990e-01
5.699771268062431284e-01
5.981518193286732288e-01
6.652866298732269534e-01
7.406843107708509510e-01
8.077579176000433403e-01
8.440153160199763693e-01
8.441198613812512797e-01
8.894866943481313237e-01
9.138074696034300670e-01
9.163719402734799013e-01
9.009489342113079502e-01
8.818488507868973425e-01
8.699239317622123879e-01
8.596115806975037632e-01
8.467514650391274600e-01
8.369590320148914131e-01
8.348473494243884296e-01
8.460249904615052552e-01
8.596836887397604210e-01
8.660913358001326445e-01
8.578582307366913184e-01
8.411877150921056590e-01
8.229523217355272369e-01
8.033609902978271489e-01
7.828813501279613396e-01
7.556542659004319429e-01
7.555591899138444090e-01
7.623813976463799102e-01
7.627639409568492956e-01
7.595082586576581418e-01
7.543437984846238509e-01
7.487887629232927722e-01
7.425748032835433055e-01
7.355873677516709952e-01
7.314702427512678184e-01
7.300046117273916169e-01
7.323821820544663685e-01
7.399341596145238009e-01
7.497409169239793725e-01
7.604006748931327886e-01
7.720268054750426545e-01
7.815017457639007459e-01
7.905446265385780436e-01
7.976933618528132541e-01
8.040854144191426078e-01
8.101182866699699892e-01
8.152770765270804798e-01
8.215846569240757846e-01
8.268734792746753604e-01
8.335068959162483804e-01
8.392035979173209093e-01
8.454682023137285451e-01
8.505681750604334734e-01
8.558708577824408748e-01
8.593090101767308919e-01
8.628334543929483402e-01
8.645641357719840991e-01
8.647265219868043307e-01
8.642607579879852953e-01
8.617961075636657586e-01
8.574875118247168304e-01
8.526281730229210432e-01
8.460175082682197534e-01
8.378733800840598711e-01
8.284975821812431418e-01
8.187064410066499098e-01
8.078214454292280688e-01
7.959085448755152115e-01
7.829995003756956562e-01
7.698940009227751569e-01
7.561714079259934662e-01
7.417359551300890530e-01
7.267411555827213432e-01
7.118893126691404616e-01
6.968318305118799127e-01
6.815926029571396372e-01
6.663283200695667707e-01
6.511658112226317296e-01
6.362046262114764428e-01
6.214864643678904566e-01
6.070118742867889328e-01
5.927964744260920682e-01
5.788723356967713229e-01
5.652677572273696605e-01
5.520678607307190067e-01
5.431261404074254617e-01
5.335567851636104919e-01
5.239678044313875738e-01
5.136130781176604376e-01
5.033523763194052147e-01
4.925428673265290769e-01
4.814919519360944533e-01
4.704001374163732652e-01
4.588753407650109084e-01
4.474852800301579170e-01
4.360195975945134195e-01
4.243604007662163946e-01
4.129158960870940032e-01
4.016391956307832078e-01
3.903737447416774087e-01
3.814982122490336303e-01
3.736823290561506195e-01
3.658653792694680496e-01
3.580679949344687252e-01
3.503144192058179063e-01
3.426337566177820593e-01
3.350895847223959167e-01
3.276779772825815229e-01
3.203754792834960230e-01
3.131605450986297834e-01
3.060175574695909173e-01
2.989459362177099289e-01
2.920741216411836261e-01
2.853050260774789293e-01
2.785773855415830114e-01
2.719421831546859347e-01
2.654863322670660275e-01
2.590546222762393769e-01
2.527338584643918917e-01
2.465716210564980193e-01
2.404351190474214861e-01
2.344923369521315637e-01
2.286268719993189147e-01
2.228762665960118683e-01
2.172865591546485620e-01
2.117815987045923443e-01
2.064762562841144788e-01
2.012659142258440559e-01
1.962599037897434784e-01
1.913857164130909061e-01
1.866967994942247688e-01
1.821899424169264592e-01
1.778322874592400960e-01
1.737113159866763568e-01
1.697119352766566502e-01
1.659615712513089203e-01
1.623560541963639803e-01
1.589315978848147015e-01
1.557021427795935720e-01
1.525915486321019476e-01
1.499597211313824785e-01
1.492438435136552721e-01
1.513274584430716052e-01
1.533510460254323693e-01
1.553403210891321495e-01
1.573171804510522520e-01
1.592926985138639617e-01
1.630343069879190698e-01
1.670326226417660764e-01
1.707898697609922523e-01
1.742907784843542862e-01
1.775157114218907373e-01
1.805479952699493851e-01
1.833194559645180410e-01
1.859228395980555004e-01
1.883207962343617925e-01
1.905234709625658329e-01
1.925824176477198002e-01
1.945175131750205566e-01
1.963131977599820444e-01
1.979132865087155357e-01
1.992751621942575047e-01
2.004084559362296625e-01
2.012603180885008114e-01
2.018249853507264602e-01
2.021042905722252869e-01
2.020840478192059697e-01
2.017713447424986095e-01
2.011682886789509239e-01
2.002827210036134675e-01
1.991275484629689563e-01
1.977044483047864787e-01
1.960327396643936626e-01
1.941098104718690931e-01
1.919639445979072490e-01
1.896148430406854324e-01
1.870734884971845258e-01
1.844032918847618718e-01
1.815871914984637514e-01
1.786483384883610914e-01
1.756143230991773496e-01
1.724296203276556583e-01
1.691539639665949890e-01
1.657223672222903899e-01
1.621660327929303202e-01
1.585131229337867764e-01
1.547448464658875145e-01
1.508778889894425157e-01
1.469304659302531069e-01
1.429424483955142600e-01
1.389027010923555294e-01
1.348223260142444035e-01
1.307143121919480677e-01
1.265914565927347690e-01
1.224652734640386958e-01
1.185389196510017035e-01
1.152234736655590175e-01
1.119021184259052643e-01
1.085790432642144560e-01
1.052818410628464929e-01
1.031816342064117431e-01
1.019438472581610244e-01
1.007221332554047721e-01
9.946512022102860229e-02
9.820764044893566524e-02
9.694634597973238177e-02
9.566278730527931484e-02
9.440059017265542418e-02
9.313035091649805863e-02
9.184847784530028592e-02
9.059166188043023260e-02
8.933667402083882159e-02
8.807834675815559566e-02
8.683693208493506455e-02
8.561524729625434593e-02
8.439635289394163686e-02
8.318245444702772329e-02
8.200580895835767048e-02
8.083685613749674870e-02
7.967644257626047000e-02
7.853676287098061704e-02
7.742362142625913712e-02
7.632101963937198974e-02
7.522975706608144020e-02
7.416709081458046360e-02
7.312311072695176772e-02
7.209080722369320959e-02
7.107042974847628536e-02
7.007882535202675234e-02
6.910272453382021451e-02
6.813774164521038679e-02
6.718375643745753967e-02
6.625564769490957517e-02
6.545334551991280336e-02
6.484434346781509095e-02
6.428655723243842379e-02
6.376810397060046764e-02
6.330318563290807110e-02
6.288135065991408423e-02
6.251017301064497322e-02
6.218805648275495951e-02
6.191064682638200423e-02
6.168736668063792145e-02
6.150978740645876575e-02
6.137611596545065190e-02
6.129369038293455696e-02
6.125407701160143908e-02
6.125432642675666256e-02
6.130048826897781938e-02
6.138401125576421757e-02
6.150062627579944846e-02
6.165798308426521240e-02
6.184297751879240523e-02
6.205644834452592878e-02
6.229847044867437011e-02
6.255798036335925849e-02
6.284414410606475876e-02
6.314126211868108240e-02
6.345635913453442911e-02
6.377781806542455467e-02
6.411117850990724620e-02
6.444348566909666176e-02
6.478455148505439520e-02
6.511925578541452597e-02
6.545255977260786007e-02
6.577961659048614518e-02
6.609311464806984227e-02
6.640083846007388546e-02
6.669253407485443985e-02
6.696540814364973504e-02
6.722329293419264384e-02
6.746223185961887359e-02
6.767672050361062119e-02
6.786511230471181655e-02
6.803310450562281841e-02
6.817372682466513178e-02
6.828468127954191724e-02
6.836515560099322431e-02
6.841633988996334570e-02
6.844040877010200419e-02
6.843228228476340436e-02
6.839192939862802356e-02
6.831934793966699948e-02
6.821446969646992320e-02
6.807722901408531924e-02
6.791029170249798796e-02
6.771246689851671829e-02
6.748284966433604204e-02
6.722235770775979169e-02
6.693183869051255730e-02
6.661193410503624124e-02
6.626339002491168917e-02
6.588699441685992586e-02
6.548354262675357140e-02
6.505427654001486037e-02
6.460071861600341636e-02
6.412374828106962021e-02
6.362367765116740126e-02
6.310132304355667299e-02
6.255816648263538837e-02
6.199552568522761348e-02
6.141494695010377147e-02
6.081752634340049923e-02
6.020309848491545157e-02
5.957241728259505403e-02
5.892658532305117963e-02
5.826641940672528525e-02
5.759234149591282298e-02
5.690616128452801598e-02
5.621248806731826697e-02
5.550833315455894201e-02
5.479529838966594457e-02
5.407472557722751288e-02
5.335218363535920716e-02
5.262538582301437562e-02
5.189383105798080903e-02
5.116110725282160127e-02
5.043042032462825841e-02
4.969833864321087508e-02
4.896902858661135449e-02
4.824443749552780741e-02
4.752038180372853554e-02
4.680673059389625634e-02
4.609472285990324353e-02
4.539404715143362246e-02
4.469736650884104101e-02
4.401457923536343519e-02
4.333798704374466904e-02
4.267590382078426114e-02
4.202387874005304724e-02
4.138472869574072455e-02
4.076057681989731646e-02
4.014815997066703557e-02
3.955310854739218368e-02
3.897269657773286961e-02
3.840629885403713112e-02
3.785863255158520430e-02
3.732686646597289243e-02
3.681055249011178782e-02
3.631178565100771222e-02
3.583132414310887665e-02
3.536697477043323351e-02
3.491888587576424952e-02
3.448849682222442786e-02
3.407602752274718066e-02
3.367954917156767286e-02
3.329889826057661623e-02
3.293383818532639312e-02
3.258602677085879057e-02
3.225361139786533243e-02
3.193559757797310994e-02
3.163152324306817142e-02
3.134087669313884855e-02
3.106500956736056585e-02
3.080533439296022011e-02
3.080968442163765225e-02
3.081261624543230743e-02
3.081411145298449533e-02
3.081415330591002338e-02
3.081272669084619831e-02
3.080981807187324964e-02
3.080541544335451201e-02
3.079950828323634385e-02
3.079208750684483617e-02
3.078314542121377700e-02
3.077267567997603662e-02
3.076067323884675714e-02
3.074713431172516193e-02
3.073205632743826465e-02
3.071543788714967138e-02
3.069727872245068753e-02
3.067757965415252031e-02
3.065634255179424880e-02
3.063357029387979436e-02
3.060926672885588840e-02
3.058343663683955535e-02
3.055608569210505748e-02
3.052722042633465929e-02
3.049684819264046956e-02
3.046497713035927965e-02
3.043161613062412077e-02
3.039677480271255061e-02
3.036046344117290449e-02
3.032269299372664789e-02
3.028347502994470711e-02
3.024282171069544306e-02
3.020074575836002514e-02
3.015726042781007032e-02
3.011237947814315169e-02
3.006611714516855410e-02
3.001848811463818725e-02
2.996950749621351759e-02
2.991919079816189944e-02
2.986755390277311475e-02
2.981461304248687536e-02
2.976038477672318661e-02
2.970488596940437306e-02
2.964813376715938475e-02
2.959014557820043370e-02
2.953093905185967885e-02
2.947053205877731355e-02
2.940894267172792370e-02
2.934618914707480195e-02
2.928228990684073746e-02
2.921726352138307933e-02
2.915112869266242232e-02
2.908390423809197739e-02
2.901560907495657690e-02
2.894699476071008540e-02
2.887844858404480311e-02
2.880887079108220006e-02
2.873828044124094455e-02
2.866669663374639757e-02
2.859413849496123677e-02
2.852062516620692059e-02
2.844617579206186117e-02
2.837080950912613739e-02
2.829454543524103152e-02
2.821740265915172186e-02
2.813940023060270898e-02
2.806055715085429419e-02
2.798089236360879958e-02
2.790042474633678063e-02
2.781917310199148383e-02
2.773715615110136992e-02
2.765439252423032915e-02
2.757090075479527724e-02
2.748669927223096332e-02
2.740180639549182756e-02
2.731624032688156553e-02
2.723001914620035158e-02
2.714316080520046484e-02
2.705568312234087405e-02
2.696760377783175011e-02
2.687894030896007327e-02
2.678971010568722763e-02
2.669993040651015212e-02
2.660961829457775957e-02
2.651879069405401607e-02
2.642746436672025953e-02
2.633565590880769872e-02
2.624338174805366380e-02
2.615065814097313271e-02
2.605750117033875726e-02
2.596392674286117710e-02
2.586995058706424711e-02
2.577558825134664347e-02
2.568085510222398865e-02
2.558576632274485105e-02
2.549033691107406921e-02
2.539458167923746082e-02
2.529851525202145984e-02
2.520215206602200927e-02
2.510550636883741860e-02
2.500859221839814989e-02
2.491142348243032337e-02
2.481401383804517080e-02
2.471637677145139059e-02
2.461852557778395831e-02
2.452047336104566308e-02
2.442223303415528082e-02
2.432381731909925501e-02
2.422523874718147258e-02
2.412650965936721098e-02
2.402764220671654849e-02
2.392864835090425385e-02
2.382953986482071185e-02
2.373032833325147348e-02
2.363102515363088574e-02
2.353164153686621712e-02
2.343218850822924998e-02
2.333267690831175231e-02
2.323311739404125206e-02
2.313352043975430358e-02
2.303424119846076562e-02
2.293563008271488554e-02
2.283699594684799467e-02
2.273834870059977115e-02
2.263969807723336877e-02
2.254105363484119190e-02
2.244242475769013534e-02
2.234382065760473837e-02
2.224525037538497424e-02
2.214672278225708613e-02
2.204824658135476692e-02
2.194983030922874334e-02
2.185148233738301235e-02
2.175321087383529431e-02
2.165502396469999938e-02
2.155692949579196549e-02
2.145893519424913604e-02
2.136104863017239744e-02
2.126327721828119577e-02
2.116562821958287502e-02
2.106810874305497377e-02
2.097072574733812797e-02
2.087348604243926403e-02
2.077639629144254277e-02
2.067946301222772440e-02
2.058269257919442125e-02
2.048609122499087457e-02
2.038966504224625290e-02
2.029341998530561492e-02
2.019736187196609009e-02
2.010149638521350340e-02
2.000582907495885090e-02
1.991036535977271094e-02
1.981511052861796920e-02
1.972006974257910217e-02
1.962524803658774464e-02
1.953065032114349384e-02
1.943628138402938091e-02
1.934214589202138193e-02
1.924824839259113574e-02
1.915459331560145917e-02
1.906118497499378200e-02
1.896802757046761254e-02
1.887512518915035464e-02
1.878248180725830552e-02
1.869010129174724158e-02
1.859798740195303668e-02
1.850614379122121969e-02
1.841457400852541948e-02
1.832328150007427742e-02
1.823226961090642501e-02
1.814154158647344681e-02
1.805110057420993008e-02
1.796094962509087525e-02
1.787109169517627980e-02
1.778152964714201437e-02
1.769226625179737278e-02
1.760330418958871296e-02
1.751464605208937972e-02
1.742629434347509054e-02
1.733825148198551297e-02
1.725051980137112112e-02
1.716310155232525850e-02
1.707599890390219116e-02
1.698921394491939921e-02
1.690274868534605637e-02
1.681660505767538019e-02
1.673078491828319456e-02
1.664529004876996732e-02
1.656012215728908110e-02
1.647528287985893306e-02
1.639077378166022350e-02
1.630659635831784374e-02
1.622275203716785907e-02
1.613924217850867121e-02
1.605606807683745280e-02
1.597323096207101459e-02
1.589073200075175399e-02
1.580857229723808474e-02
1.572675289488003128e-02
1.564527477717950546e-02
1.556413886893568549e-02
1.548334603737526981e-02
1.540289709326785224e-02
1.532279279202647740e-02
1.524303383479333994e-02
1.516362086951050618e-02
1.508455449197654979e-02
1.500583524688804682e-02
1.492746362886692574e-02
1.484944008347338293e-02
1.477176500820419867e-02
1.469443875347745121e-02
1.461746162360235551e-02
1.454083387773608994e-02
1.446455573082551516e-02
1.438862735453617231e-02
1.431304887816715540e-02
