4.035206805598843260e-01
4.423215644638837651e-01
4.607205014737194015e-01
4.739051226760183089e-01
4.987913771311031641e-01
5.501232691208157721e-01
6.171448597312464424e-01
6.855441986683727951e-01
7.314366895735628926e-01
7.183402216581387112e-01
8.150602449040753594e-01
8.622579565857901862e-01
8.801188112120739149e-01
9.204697403956552115e-01
7.711313214455467469e-01
9.682212176340180276e-01
9.824705090989667156e-01
1.056257531209134015e+00
1.133930853429993446e+00
1.220969616914912903e+00
1.296965007204518017e+00
1.310372901659346612e+00
1.224964059737134514e+00
1.080166097818585635e+00
9.622446280356437009e-01
8.828516071385398289e-01
8.390757083878657152e-01
8.196112188432675971e-01
8.812798573133231450e-01
9.649439025478591114e-01
1.020450614182573323e+00
1.075468513810851734e+00
1.092726689832708598e+00
1.065034061222047912e+00
1.011069217528411945e+00
9.457954137196171729e-01
8.815955588141447530e-01
8.218419642028319538e-01
8.043625704538048815e-01
8.254455671822008567e-01
8.635949699635674381e-01
8.949239847496928135e-01
8.985662377680720958e-01
8.709756097640410921e-01
8.803769759025253938e-01
9.054874725404850055e-01
8.867814155628922501e-01
9.117494767906082487e-01
9.298134100841051186e-01
9.415824861749073627e-01
9.471976731414593065e-01
9.465378818851237774e-01
9.395478450643033330e-01
9.264323083934468128e-01
9.078370287736755584e-01
8.874721795320932305e-01
8.649798084276655308e-01
8.421792051269977319e-01
8.220369606467384793e-01
8.211768819466127578e-01
8.730576531011685626e-01
9.150606044036633246e-01
9.463086196184693488e-01
9.665676717142865915e-01
9.768208862163122452e-01
9.831456216971260487e-01
1.030586410592991831e+00
1.065243592619638635e+00
1.075242293784260728e+00
1.065432357244414430e+00
1.036771137956514988e+00
9.932995110458183730e-01
9.413170768869493221e-01
8.814783930725043071e-01
8.199669458203465711e-01
7.574365639848735787e-01
6.985473787021686531e-01
6.427328254616280212e-01
5.915710173565957852e-01
5.480621467373253397e-01
5.127224296310217699e-01
4.855489700648062401e-01
4.670334988719311298e-01
4.569213056378263471e-01
4.541688869162878173e-01
4.571604511988272557e-01
4.640408524148306180e-01
4.735773869328649965e-01
4.840541057607811171e-01
4.946246747602767169e-01
5.045764869669563391e-01
5.133456939347709191e-01
5.205209521651302795e-01
5.259528527204366810e-01
5.300352749710027789e-01
5.322093206096395468e-01
5.333484513490426293e-01
5.327222580733078638e-01
5.305366122466522727e-01
5.268683776957948650e-01
5.215750144009972944e-01
5.148326284984844348e-01
5.068454418216528090e-01
4.978452152557991672e-01
4.883118067525790695e-01
4.781523353044517810e-01
4.674862918558038705e-01
4.564042576180165067e-01
4.452138271721410856e-01
4.340114675920703213e-01
4.225618934826981810e-01
4.110968508926595155e-01
3.998221312379104386e-01
3.884178763612952112e-01
3.772881779109846234e-01
3.662966718531187604e-01
3.554656088173077655e-01
3.450648257216084591e-01
3.348736792941851559e-01
3.252478580376610418e-01
3.160137727723765222e-01
3.073406620572982084e-01
2.993136147797033630e-01
2.917832416723689648e-01
2.850642741977119088e-01
2.789318361185343376e-01
2.733707940358868216e-01
2.685773138235534874e-01
2.642651427174863565e-01
2.605088462682824124e-01
2.580681695758595962e-01
2.569580498302746485e-01
2.561591407146915911e-01
2.556236529458874585e-01
2.553096257643091005e-01
2.552440883144714290e-01
2.553414264197492178e-01
2.554995253703327696e-01
2.556345207713955903e-01
2.556625614870553509e-01
2.555058590550604580e-01
2.550973223413521285e-01
2.543862393369313857e-01
2.533391306253696684e-01
2.519363907048975948e-01
2.501697084938745430e-01
2.480821288622550858e-01
2.456589867367461322e-01
2.429147128285624180e-01
2.398809361608401081e-01
2.366749291929915455e-01
2.333555185927000120e-01
2.300346144498461032e-01
2.266925327012309366e-01
2.233000835135371120e-01
2.198958172901979424e-01
2.162866878898790923e-01
2.124620414687557191e-01
2.084149024490211111e-01
2.041444198981102465e-01
1.996623317585184965e-01
1.952082590385105787e-01
1.906661949693622959e-01
1.860669832494940279e-01
1.813652897985447154e-01
1.765771988528836434e-01
1.732378714313177470e-01
1.716466745212138767e-01
1.711098687913181204e-01
1.704128179910087693e-01
1.695655204773649505e-01
1.685909937324892305e-01
1.674795960243808390e-01
1.662049562059690067e-01
1.648604762098134502e-01
1.633846002139179299e-01
1.618669408017247291e-01
1.602646164247725213e-01
1.585900709195372238e-01
1.568675270945207867e-01
1.551311113004602837e-01
1.533694610687135196e-01
1.515975410117063049e-01
1.498279951539231991e-01
1.480720985257462097e-01
1.463420568629048291e-01
1.446638139011440782e-01
1.430269993545389695e-01
1.414358931706741485e-01
1.398936242564333687e-01
1.384024850182790645e-01
1.369636579894554507e-01
1.356084513367677991e-01
1.343038249057073863e-01
1.330458345540908305e-01
1.318290195515539609e-01
1.306701839292669920e-01
1.295570275231542057e-01
1.284643852322408797e-01
1.273916460407678863e-01
1.263675990978936903e-01
1.253457393312180368e-01
1.243226943037123305e-01
1.233374454335576798e-01
1.223473102404301766e-01
1.213491375766850427e-01
1.203570177847623907e-01
1.193740919246496085e-01
1.183795910013657332e-01
1.173734820505550336e-01
1.163558067609190699e-01
1.153482296122256279e-01
1.143278082318998079e-01
1.132967679548497891e-01
1.122596513012312364e-01
1.112225922829062907e-01
1.101925814031899376e-01
1.091768253971029806e-01
1.082067768722249079e-01
1.072729422737145472e-01
1.063994611828823211e-01
1.055608643378007916e-01
1.047578921310183681e-01
1.039665215490958167e-01
1.031831200384384917e-01
1.024155014467674207e-01
1.016519572323363457e-01
1.008960343162591256e-01
1.001681352091148419e-01
9.946668864557757506e-02
9.880330628392308689e-02
9.815899091501503748e-02
9.754095577096136283e-02
9.693282417749049529e-02
9.632575655500856537e-02
9.571815035312218611e-02
9.511331120365307257e-02
9.449730296035466215e-02
9.386749637431579529e-02
9.322257489423060872e-02
9.256217030916584487e-02
9.188615532244387429e-02
9.119436584132067924e-02
9.048627806881069657e-02
8.976099664399891931e-02
8.901751606471142164e-02
8.825635498058061190e-02
8.771734517952095578e-02
8.717203801047820888e-02
8.661545476873842853e-02
8.605210196955630220e-02
8.548691306665179290e-02
8.490367856112819578e-02
8.431298050305549574e-02
8.371689102048333886e-02
8.360405238692697472e-02
8.351335505418883143e-02
8.340668624546919430e-02
8.329833288031586458e-02
8.318547043854560008e-02
8.305579873003696156e-02
8.292627240075343964e-02
8.278872719259891544e-02
8.263356522329530496e-02
8.248524506131045542e-02
8.232056784326742538e-02
8.214718481941735151e-02
8.197197780730765271e-02
8.177790343936626460e-02
8.158792329371218621e-02
8.138189063751066765e-02
8.116673253202680294e-02
8.094791298981275640e-02
8.070929944078632234e-02
8.047322550494180604e-02
8.022078347055199010e-02
7.995454059294318516e-02
7.968772325045869742e-02
7.940059531615624444e-02
7.910703591979924287e-02
7.880495960725031335e-02
7.848254228337470106e-02
7.815928720695217158e-02
7.782163755098858715e-02
7.746378616274385287e-02
7.710987646813861895e-02
7.673678525126088890e-02
7.634740074601892301e-02
7.595916233884762725e-02
7.555118598788312934e-02
7.513153534326251493e-02
7.470881436766207973e-02
7.426690517644450595e-02
7.381776701536171825e-02
7.336174122325220259e-02
7.288721081037595473e-02
7.240969541171698998e-02
7.192187657656001765e-02
7.141635472335687573e-02
7.091208357998476930e-02
7.039427270151286942e-02
6.986058973976135011e-02
6.933113012112120110e-02
6.878536793798786797e-02
6.823101921523606894e-02
6.767480562856120763e-02
6.710331974629357710e-02
6.653445323064124950e-02
6.595378526515913165e-02
6.537305592956178801e-02
6.478391561530474907e-02
6.419980468141424368e-02
6.361424829906930922e-02
6.303313662592180400e-02
6.245964426402683678e-02
6.189485555842078740e-02
6.134071081969150879e-02
6.079484009483074325e-02
6.041064900849324459e-02
6.014560987674944653e-02
5.987433303052469569e-02
5.959697928904200692e-02
5.931856657348633793e-02
5.903918664445366449e-02
5.875405876228963209e-02
5.846335159056365721e-02
5.816723535218498026e-02
5.786784389157027114e-02
5.757060942052538016e-02
5.726831132544458330e-02
5.702796411424259498e-02
5.685771809268231475e-02
5.668047340229252079e-02
5.649829665661214306e-02
5.631721112641219218e-02
5.612948145847544007e-02
5.593527922841656785e-02
5.574061226563212235e-02
5.554326326721312213e-02
5.533980441994743732e-02
5.513040961912802490e-02
5.492189034830013972e-02
5.471006015727040289e-02
5.449265825866519974e-02
5.426985840234024860e-02
5.404741387421924809e-02
5.382288697283259260e-02
5.359332232325264567e-02
5.335889144438528409e-02
5.312328481536809921e-02
5.288781698677688659e-02
5.264783452778031697e-02
5.240350499789211969e-02
5.215587653080222541e-02
5.191117148780212409e-02
5.166245868541396308e-02
5.140990032494043016e-02
5.115365684671851348e-02
5.089970977754720849e-02
5.064387737449368987e-02
5.038467933098166734e-02
5.012226934863703298e-02
4.986099331326056955e-02
4.959955773703571269e-02
4.933521191812038909e-02
4.906810205733119074e-02
4.880297259065648208e-02
4.853734400833408652e-02
4.826923402275924702e-02
4.799909527110076540e-02
4.773278771349698940e-02
4.746426743383709568e-02
4.719366671233580363e-02
4.692398742430091418e-02
4.665560556887194538e-02
4.638539182079513823e-02
4.611346995944679700e-02
4.584383427907498532e-02
4.557451002888670416e-02
4.530370586391842952e-02
4.503153699403654453e-02
4.476035090315235582e-02
4.449112687276187555e-02
4.422074604971375222e-02
4.394931513025782110e-02
4.367693828678218676e-02
4.340655133827550638e-02
4.313752057573243259e-02
4.286772601072837835e-02
4.259726351012560475e-02
4.232622648254310421e-02
4.205581029781038649e-02
4.178846101764333715e-02
4.152069456167511302e-02
4.125259636964150739e-02
4.098424952214962252e-02
4.071573476427790828e-02
4.045027336037959609e-02
4.018577655884781469e-02
3.992124063591040439e-02
3.965673889587715412e-02
3.939234243531723745e-02
3.912997304368730223e-02
3.886979181330450089e-02
3.860982334007098671e-02
3.835013178117600147e-02
3.809077922844481684e-02
3.783484797044246034e-02
3.757984151283133567e-02
3.732526209510469289e-02
3.707168837795074556e-02
3.682147971256707897e-02
3.657177681418848081e-02
3.632441029557583606e-02
3.607907316138789927e-02
3.583796054191427244e-02
3.560366320080410318e-02
3.537692241651520936e-02
3.515435739525210601e-02
3.493444357486476248e-02
3.471735982863195791e-02
3.450130442737631836e-02
3.428790739691302963e-02
3.407478209486668186e-02
3.386287678624389647e-02
3.365344005308392589e-02
3.344433936381877720e-02
3.323561760970895201e-02
3.302782083503202903e-02
3.282281079605556956e-02
3.261823348964176111e-02
3.241412709382594792e-02
3.221052837258104456e-02
3.200747270568733011e-02
3.180697800136538661e-02
3.160766776540258755e-02
3.140893893053737368e-02
3.121082274660292796e-02
3.101334921195935887e-02
3.081654710205154746e-02
3.062044399771646219e-02
3.042737400838493866e-02
3.023501973976308252e-02
3.004338711514057195e-02
2.985250023033538327e-02
2.966238210972326622e-02
2.947305473274322921e-02
2.928453906007763910e-02
2.909685505949830345e-02
2.891188919710782276e-02
2.872790875409394346e-02
2.854476777917145172e-02
2.836248342796726662e-02
2.818107197332494693e-02
2.800054882905179260e-02
2.782092857329679370e-02
2.764222497155632841e-02
2.746445099930504286e-02
2.728863561745994981e-02
2.711445968610029164e-02
2.694120818382346461e-02
2.676889193652770907e-02
2.659752107447574052e-02
2.642710505273401095e-02
2.625765267123255850e-02
2.608917209444686774e-02
2.592167087070069986e-02
2.575515595109189107e-02
2.558963370804297546e-02
2.542652022937607822e-02
2.526440522711266221e-02
2.510326631531975550e-02
2.494310839038452188e-02
2.478393584546411885e-02
2.462575258695412148e-02
2.446856205060063405e-02
2.431236721725814690e-02
2.415717062829661824e-02
2.400297440066178831e-02
2.384978024159151166e-02
2.369776343431337362e-02
2.354774631218142442e-02
2.339870756818403230e-02
2.325064795644203944e-02
2.310356787971577439e-02
2.295746740228432961e-02
2.281234626251044811e-02
2.266820388509499518e-02
2.255647737958283230e-02
2.250651627882925901e-02
2.245457904882614333e-02
2.240039042084232199e-02
2.234401421007433872e-02
2.228736902652120322e-02
2.222936576033737038e-02
2.216932105652806226e-02
2.210729441384732402e-02
2.204435957810227040e-02
2.198100285754405261e-02
2.191579862882624477e-02
2.184880227578686260e-02
2.178024903966032169e-02
2.171219135733946579e-02
2.164246496409100162e-02
2.157112133997870704e-02
2.149821095369772173e-02
2.142572805849613307e-02
2.135206023471139178e-02
2.127693607411575497e-02
2.120040240868793086e-02
2.112444430244496407e-02
2.104736201207812324e-02
2.096897119908979618e-02
2.088982711412158341e-02
2.081102107442820565e-02
2.073100108181243420e-02
2.064980820288133886e-02
2.056925332288342401e-02
2.048781295172280234e-02
2.040528600237468196e-02
2.032315813908352684e-02
2.024048886018049026e-02
2.015681375218201371e-02
2.007364172554928702e-02
1.998991927682878395e-02
1.990526652712675329e-02
1.982141115943221801e-02
1.973679711214680957e-02
1.965148592662170970e-02
1.956695397546599421e-02
1.948159732262004160e-02
1.939583465804515724e-02
1.931063428850783581e-02
1.922467261708601938e-02
1.913854955546194156e-02
1.905281177017977348e-02
1.896637194499063706e-02
1.888000504356874068e-02
1.879385047881177925e-02
1.870704926091878301e-02
1.862056837751472835e-02
1.853410794370831741e-02
1.844705261752625086e-02
1.836057343359190352e-02
1.827390901966234604e-02
1.818669808359441378e-02
1.810025701241772811e-02
1.801348238802554999e-02
1.792620644205634994e-02
1.783977569409750386e-02
1.775297731085232270e-02
1.766571984391037548e-02
1.757927842502447768e-02
1.749253591891288678e-02
1.740537379933168594e-02
1.731892812276563179e-02
1.723231471044540247e-02
1.714531857112927549e-02
1.705891522317617287e-02
1.697249802446743755e-02
1.688573257493378860e-02
1.679945406927585774e-02
1.671329441933636431e-02
1.662681874779942809e-02
1.654076125341741657e-02
1.645491506891139100e-02
1.636878299839380352e-02
1.628307046845596170e-02
1.619758853813516725e-02
1.611184890773193629e-02
1.602662974378835092e-02
1.594155800780469937e-02
1.585625494308219932e-02
1.577165660683991014e-02
1.568703657174237709e-02
1.560224082081476844e-02
1.551830707459879270e-02
1.543417631234958107e-02
1.535017011847174609e-02
1.526673724430438299e-02
1.518312965471875671e-02
1.510004976545969643e-02
1.501714947724221844e-02
1.493428051780429713e-02
1.485208717060778998e-02
1.476974772441884409e-02
1.468811217948349027e-02
1.460648576026056349e-02
1.452540259582015686e-02
1.444448666618611612e-02
1.436413991426629781e-02
1.428394298965811847e-02
1.420455514329490437e-02
1.412563857210059198e-02
1.404748883837941137e-02
1.397066143860491161e-02
1.389587480559039551e-02
1.382270635074195862e-02
1.375030408308871611e-02
