3.865484189661760328e-01
3.879784781876046695e-01
3.937238978146306301e-01
3.972206993832365640e-01
3.867707988233639593e-01
3.999250895706790154e-01
4.171326059045268320e-01
4.461248974456114569e-01
5.138513261951130895e-01
5.646038984706212016e-01
5.054004664976208261e-01
5.968034844635650149e-01
6.571631489064636567e-01
7.518081987617004636e-01
9.007030104853281927e-01
9.731408458993839883e-01
1.203269385587310225e+00
1.340704547129638380e+00
1.053583447777696191e+00
9.805117382178888397e-01
1.162215938958041095e+00
1.134726353614168515e+00
1.075848138382863306e+00
1.326857808078560907e+00
1.513265687579177898e+00
1.540222081124701603e+00
1.372918205062914287e+00
1.300027405516394063e+00
1.255740633610898715e+00
1.281903040495496970e+00
1.306794105045717469e+00
1.236403081839334339e+00
1.109981016976577362e+00
1.162779958405293579e+00
1.181682649224209847e+00
1.172227593974199733e+00
1.113309866581217333e+00
1.024456556415916930e+00
9.656758188713752133e-01
8.950378582945801575e-01
7.942541742649844583e-01
7.198852850816809257e-01
7.327379847721299244e-01
7.578806594546130260e-01
7.629177465241581135e-01
7.546084575724399945e-01
7.897598493316713153e-01
7.858142976982738226e-01
7.725499751405694449e-01
7.935674569375976706e-01
8.012867762390595283e-01
8.072656479151077979e-01
7.920370000650075459e-01
7.593234201934926375e-01
7.155602351482182044e-01
6.656485041909139255e-01
6.274771219566475100e-01
5.993168084305883214e-01
5.617179882675580327e-01
5.804422667075546105e-01
6.068448418016993973e-01
6.083071047885020288e-01
5.908333173197836130e-01
5.631348098445939643e-01
5.346345306726121294e-01
5.119463518577571648e-01
4.975496531893769392e-01
4.907437667104407319e-01
4.891274695854516130e-01
4.895978425243859844e-01
4.893790618468302767e-01
4.864332945669618269e-01
4.797517709501025185e-01
4.847744039456411413e-01
4.941001008683672535e-01
4.949341531846674358e-01
4.865658485454097404e-01
4.695217008362280176e-01
4.453251395542277558e-01
4.159595656654889173e-01
3.842301544855244444e-01
3.528621961509330052e-01
3.242151015172665129e-01
3.000727206496687227e-01
2.813283877417797063e-01
2.678216510393905958e-01
2.586260339919459472e-01
2.523898649401569716e-01
2.476500676104120835e-01
2.430738825695459293e-01
2.377543988793816288e-01
2.309438272472399134e-01
2.222811304639371044e-01
2.118972968736194118e-01
2.001030639558138979e-01
1.942322439170078019e-01
2.021104437934778675e-01
2.108870094110684434e-01
2.200842608099053965e-01
2.293149852136882327e-01
2.383441670847178673e-01
2.468654470512018362e-01
2.548272835458468832e-01
2.620407416755202723e-01
2.684157169219561490e-01
2.738876510283135279e-01
2.784220317485352481e-01
2.819933986568223250e-01
2.845488645237650438e-01
2.860835902915682682e-01
2.866093946486325539e-01
2.861545354303069999e-01
2.847633043861145796e-01
2.824948513077460976e-01
2.795980454045533525e-01
2.881654739089202222e-01
2.946039041211030440e-01
2.989901588284016309e-01
3.025432260641998106e-01
3.055573446156678030e-01
3.071216411787467959e-01
3.073347367196809232e-01
3.063059104122575205e-01
3.041493334644909119e-01
3.009795239077177609e-01
2.969090025599849803e-01
2.920617746917891222e-01
2.866032817625635554e-01
2.805670228882912731e-01
2.740512531186580780e-01
2.671593063542505031e-01
2.600666917520025878e-01
2.527658602715376901e-01
2.453424131715327972e-01
2.379417192416106719e-01
2.305814111772227781e-01
2.233063951804384328e-01
2.162047425717371352e-01
2.093120940540380281e-01
2.026381159401017540e-01
1.973370051833091832e-01
1.947043611087604098e-01
1.921503693201821183e-01
1.896857750253503894e-01
1.873163117401850375e-01
1.850432825582103147e-01
1.828640325117297238e-01
1.807720879201407949e-01
1.787574023662301670e-01
1.768069265709158455e-01
1.749062433238768588e-01
1.730399909688511983e-01
1.711907403632700331e-01
1.693428303792134659e-01
1.674812674992933181e-01
1.655926470147150165e-01
1.636660100351219893e-01
1.616934987194511286e-01
1.596708720441127605e-01
1.575972687286497087e-01
1.555053700281222029e-01
1.535091653811010148e-01
1.528726699459060090e-01
1.521806715109087216e-01
1.514367525440025453e-01
1.506517142727888670e-01
1.498120862078133608e-01
1.489319787811389517e-01
1.480240746498311388e-01
1.475366124001992185e-01
1.474594938880756378e-01
1.473542987409225957e-01
1.471891328746793848e-01
1.469531817320259004e-01
1.466367927417159267e-01
1.462338712416703934e-01
1.457536112019666708e-01
1.451756801146782405e-01
1.444943284472605949e-01
1.437188537828688328e-01
1.428550664384482805e-01
1.418814951100676180e-01
1.408181510780919521e-01
1.396646105021331352e-01
1.384019275501603696e-01
1.370759836073302262e-01
1.356472499563811385e-01
1.341455112895551804e-01
1.325664115143359578e-01
1.309099198450802415e-01
1.291988799545626398e-01
1.274103393868634970e-01
1.255868169639561271e-01
1.241993652378290958e-01
1.239690557443227786e-01
1.237119682593947473e-01
1.234288925146972277e-01
1.231209631448130226e-01
1.227963338580172897e-01
1.224520178750981986e-01
1.220892621398185357e-01
1.217111429412681967e-01
1.213213217561413815e-01
1.209249197847448720e-01
1.205242567330636477e-01
1.201222493287384951e-01
1.197253807761845257e-01
1.193347818224347046e-01
1.189518549529015173e-01
1.185798681826621820e-01
1.182142371217067695e-01
1.178524640547736480e-01
1.174928837700018880e-01
1.171336832667671940e-01
1.167788905126740384e-01
1.164231997281043735e-01
1.160648275891219272e-01
1.157049636153505423e-01
1.153479130991568180e-01
1.149858779413217430e-01
1.146221845540963402e-01
1.142591302060009945e-01
1.138890935272955512e-01
1.135209565360558309e-01
1.131474176779199148e-01
1.127695527025880662e-01
1.123911331501400157e-01
1.120032720809610305e-01
1.116183603327683821e-01
1.112231760647560963e-01
1.108270914466735341e-01
1.104229159398124882e-01
1.100154128515280355e-01
1.096007345991883986e-01
1.091818242916574588e-01
1.087553800704337270e-01
1.083253763957360005e-01
1.078862394429878635e-01
1.074457787859051383e-01
1.069935020369741224e-01
1.065435400838169733e-01
1.060821963220519859e-01
1.056200176315949257e-01
1.051513604999961271e-01
1.046773556658140564e-01
1.042030110180813818e-01
1.037200084789035026e-01
1.032401539165269111e-01
1.027544405418965162e-01
1.022663689727269093e-01
1.017799313403830175e-01
1.012879879494815727e-01
1.008006041774566763e-01
1.003111750803840491e-01
9.982085682709686270e-02
9.933593012724019344e-02
9.884861628018158652e-02
9.836669774037075376e-02
9.788686843393396009e-02
9.740786340132330523e-02
9.693720142173552212e-02
9.646683676960843279e-02
9.600362260781879209e-02
9.554475825486047347e-02
9.508989646643227489e-02
9.464370677076341942e-02
9.419979589590128655e-02
9.376699492914128409e-02
9.333721935700621530e-02
9.291765859423478657e-02
9.250259251896010559e-02
9.209834190635990403e-02
9.169961170597006050e-02
9.131113950217835395e-02
9.093086737557769250e-02
9.055844671363069698e-02
9.019625413366298694e-02
8.984317970252318764e-02
8.949796062144224629e-02
8.916110935858702347e-02
8.883373855440251932e-02
8.851251096559674403e-02
8.819957106628316390e-02
8.789347010063879029e-02
8.759308486369887792e-02
8.730038750398043390e-02
8.701171351916825447e-02
8.673071551408322033e-02
8.645281623070254218e-02
8.618178980078645968e-02
8.591365602516540245e-02
8.565070842849725752e-02
8.539127930878182005e-02
8.513428397690665783e-02
8.488246759216216963e-02
8.463061855506176512e-02
8.438387550663839498e-02
8.413798413127684950e-02
8.389218840595302762e-02
8.365115567152565934e-02
8.340875155247548522e-02
8.316696168598000649e-02
8.292780928854030786e-02
8.268652290021742679e-02
8.244543904976955884e-02
8.220588563233532930e-02
8.196348410471787638e-02
8.171999824346284913e-02
8.147793520195235895e-02
8.123237636664673578e-02
8.098373381522215586e-02
8.073726927369262452e-02
8.048674074342251905e-02
8.023199887637692818e-02
7.997822447530433809e-02
7.972116849781334114e-02
7.945945026945271106e-02
7.919632655545066902e-02
7.893145242339635881e-02
7.866156055815447246e-02
7.838841429272333516e-02
7.811469991611168229e-02
7.783570570303351144e-02
7.755271692176363141e-02
7.726940132903575842e-02
7.698063442374118714e-02
7.668890221020248366e-02
7.639547066627033756e-02
7.609650207058206439e-02
7.579796650242646983e-02
7.549413067149907119e-02
7.519060050242158677e-02
7.488399057053062025e-02
7.457637980103216935e-02
7.426925347839617719e-02
7.396359229370963462e-02
7.365994184417694324e-02
7.335837147618813614e-02
7.305881322112794951e-02
7.275918476756818021e-02
7.245974607490839048e-02
7.215967199617442929e-02
7.185832651984772057e-02
7.155499813047130897e-02
7.125079507347759078e-02
7.094474483014899524e-02
7.063542272052483750e-02
7.032543397740050051e-02
7.001121908158658425e-02
6.969609992380940144e-02
6.937724831448270624e-02
6.905599250680828638e-02
6.873278497810002274e-02
6.840479184816897207e-02
6.807737577461960010e-02
6.774551938995354572e-02
6.741078948531969983e-02
6.707538928418348145e-02
6.673573540753202638e-02
6.639433615259991706e-02
6.605166699051968904e-02
6.601198794270446424e-02
6.621898951126330146e-02
6.641587018078742854e-02
6.660272997718076626e-02
6.677967295399991898e-02
6.695152719490274351e-02
6.711387271040694658e-02
6.726660490075120347e-02
6.740984010392275794e-02
6.754369744629602768e-02
6.766923228501664500e-02
6.778958583873366528e-02
6.790089715429141470e-02
6.800329316861597473e-02
6.809690248184931127e-02
6.818185513936532438e-02
6.825967691282808225e-02
6.833250707068092011e-02
6.839703595972279615e-02
6.845339673352428267e-02
6.850172305269017214e-02
6.854214890856218101e-02
6.857603369164802509e-02
6.860574184769911710e-02
6.862790682846475754e-02
6.864266196143667398e-02
6.865014017474121988e-02
6.865047386414332986e-02
6.864427574292773782e-02
6.863526168547141870e-02
6.861944856869009457e-02
6.859696531403310094e-02
6.856793978455523464e-02
6.853249869260384652e-02
6.849076751404223340e-02
6.844646358359582350e-02
6.839687583609736776e-02
6.834131780196991968e-02
6.827990931515744155e-02
6.821276866016587337e-02
6.814001252082464710e-02
6.806345272509804756e-02
6.798400861122348704e-02
6.789924045579970313e-02
6.780925829145741102e-02
6.771417038732367721e-02
6.761408322588942366e-02
6.750910148407647526e-02
6.740291903083965586e-02
6.729245076454466734e-02
6.717734317976394032e-02
6.705769387967344675e-02
6.693359863461392778e-02
6.680515138363382621e-02
6.667373310150703780e-02
6.654069690368759338e-02
6.640353282087585463e-02
6.626232785364638556e-02
6.611716722638712185e-02
6.596813440334133027e-02
6.581531110663946249e-02
6.566171427234504532e-02
6.550518876749812647e-02
6.534506261787170756e-02
6.518141114244055401e-02
6.501430803596258690e-02
6.484382539557025094e-02
6.467133564859597894e-02
6.449779205166196461e-02
6.432103233779724871e-02
6.414112286134762697e-02
6.399671951325948405e-02
6.395683599366032424e-02
6.391512881709802973e-02
6.386958834924387485e-02
6.382090180548648239e-02
6.376988384898589490e-02
6.371447162390662944e-02
6.365796937777461195e-02
6.359734893019594604e-02
6.353406998738320155e-02
6.346840152763129350e-02
6.339859248995691199e-02
6.332783485618326269e-02
6.325321917463261334e-02
6.317591727299622095e-02
6.309663796991225870e-02
6.301344835103467323e-02
6.292925494559040156e-02
6.284161739973623262e-02
6.275169005215322504e-02
6.265973009674770389e-02
6.256484009463930684e-02
6.246867500576346738e-02
6.236985733136882204e-02
6.226959538908730107e-02
6.216799852143543859e-02
6.206513081291967215e-02
6.196190424652497919e-02
6.185986714913145612e-02
6.176198458219843423e-02
6.166952772655792669e-02
6.157969973658301149e-02
6.148994403861587216e-02
6.139941509127586766e-02
6.130719255519967437e-02
6.121349745783447732e-02
6.111817458782048407e-02
6.102046162730663525e-02
6.092130328721023780e-02
6.081966287649719777e-02
6.071605682896706602e-02
6.061057969476502799e-02
6.050215183917102141e-02
6.039292817977408301e-02
6.028045119846844185e-02
6.016668299422923277e-02
6.005060438898751629e-02
5.993196404781768460e-02
5.981236965770386771e-02
5.968967454403650841e-02
5.956590918001212348e-02
5.943983600301587511e-02
5.931139125083405295e-02
5.918202158132306046e-02
5.904969783731404270e-02
5.891640010344016687e-02
5.878091173238129963e-02
5.864313434669257002e-02
5.850455955864600210e-02
5.836317265248948394e-02
5.822077400437384448e-02
5.807642813474474253e-02
5.792966724275398077e-02
5.778243834526388539e-02
5.763253559918111307e-02
5.748134504068634631e-02
5.732868347650627028e-02
5.717343496351837140e-02
5.701801403925570860e-02
5.686012895920043719e-02
5.670080936051324211e-02
5.654036003173824182e-02
5.646884278192191436e-02
5.643832178017953172e-02
5.640411839522328774e-02
5.636627147525896664e-02
5.632495510925642629e-02
5.628238827416921775e-02
5.623627356488327539e-02
5.624529835531412447e-02
5.638132462234644177e-02
5.650720730294497840e-02
5.662348500412350133e-02
5.673054259259679294e-02
5.682783608511222245e-02
5.691661185367739156e-02
5.699656939844051362e-02
5.706883295650620053e-02
5.713292093600075977e-02
5.718971351353727139e-02
5.723861102851574706e-02
5.727941835810917287e-02
5.731233588178868271e-02
5.733680973279495913e-02
5.735295549566431228e-02
5.736098179852307938e-02
5.756488303110509491e-02
5.780208500345575956e-02
5.803369579789507265e-02
5.825934625363895364e-02
5.847898180594651024e-02
5.869259549054060832e-02
5.890021643256902750e-02
5.910189541642193317e-02
5.929770061817853793e-02
5.948772502256816086e-02
5.967208908297681053e-02
5.985092284623126646e-02
6.002435176726581695e-02
6.019270975556595404e-02
6.035622051196951748e-02
6.051464058072743984e-02
6.066805234032866118e-02
6.081690906063828839e-02
6.096130992403862164e-02
6.110092469066401993e-02
6.123597497544205903e-02
6.136670982262445312e-02
6.149261984357931587e-02
6.161370138504045774e-02
6.172996145467136986e-02
6.184184404897085513e-02
6.194894670682536686e-02
6.205128863636594216e-02
6.214895370522600937e-02
6.224203549204509328e-02
6.233133389667495916e-02
6.241636826224590540e-02
6.249742922734439349e-02
6.257518473869230768e-02
6.264901417629910318e-02
6.271979986803462304e-02
6.278662175579896587e-02
6.285003851182124901e-02
6.290961894182327263e-02
6.296508984977262913e-02
6.301653512803390145e-02
6.306426263613093552e-02
6.310780203874274963e-02
6.314713899009216647e-02
6.318226780792664254e-02
6.321319393695805366e-02
6.323993397093956303e-02
6.326253166348010104e-02
6.328127459478447014e-02
6.329596645246260422e-02
6.330667217820794279e-02
6.331345286205933287e-02
6.331636755585795528e-02
6.331546514470226539e-02
6.331078785708725565e-02
6.330258234400593098e-02
6.329096144193582796e-02
6.327578821026540179e-02
6.325715242282325956e-02
6.323516736954723494e-02
6.321072271662682429e-02
6.318334743809354836e-02
6.315400795297762548e-02
6.312224238793989750e-02
6.308851101862897326e-02
6.305185006942921888e-02
6.301243569977671433e-02
6.297018109768519334e-02
6.292475826310438280e-02
6.287616978465133954e-02
6.282444177280141484e-02
