3.532704308330072984e-01
3.610780914268454933e-01
3.811055638326921735e-01
4.531384088460960191e-01
4.684812345791354304e-01
6.898600776820261737e-01
5.182069538571842937e-01
4.955730175955782579e-01
5.461742798915172337e-01
6.142421864791843822e-01
7.089217274127846968e-01
1.040026425794389642e+00
1.283225646485936400e+00
8.882906742658648325e-01
8.679334101595783668e-01
7.884436780901374897e-01
8.313805200941613016e-01
9.255673085809436040e-01
8.665793398446427487e-01
1.065697077575507246e+00
1.086023320653995539e+00
9.420671470419113014e-01
8.862929442433413740e-01
8.775557089697892943e-01
8.555756292327031387e-01
7.783841083159572793e-01
6.416066307224698173e-01
6.309707700183434520e-01
7.127098124565904858e-01
8.391114770221870245e-01
9.349470853518518920e-01
9.322203923985488139e-01
9.510105318864063850e-01
1.029327432829418409e+00
1.048172591358712324e+00
9.997428602299976985e-01
9.492013271696344567e-01
8.826567524348096772e-01
7.546306521111528776e-01
8.006592737066848819e-01
7.629243784576924536e-01
7.800876779702161645e-01
8.342853886464761670e-01
9.456672025043582064e-01
1.002086900744674214e+00
9.852486987815820552e-01
9.251373453288543880e-01
8.552081375950409958e-01
7.799275767919796598e-01
7.115948186026272992e-01
6.622519837589010416e-01
6.529816263244266894e-01
6.683012862763677564e-01
6.753160797269818216e-01
6.545989204566995401e-01
6.413010690525461355e-01
6.246436990450325855e-01
6.127748786226921984e-01
6.055629021156633263e-01
5.989791749239860019e-01
5.885280422654500798e-01
5.963585859500926123e-01
6.198047149085833540e-01
6.236413974689913875e-01
6.122159901205227461e-01
5.850827462845328286e-01
5.472699907167193345e-01
5.345714257918263712e-01
5.202509943218575073e-01
5.036534465457301879e-01
4.848097679376704439e-01
4.637393627796890794e-01
4.407932154839038774e-01
4.158847473932160699e-01
4.023271703430945090e-01
3.995369820085099000e-01
3.951441854145853472e-01
3.911686463494810084e-01
3.909027147566695448e-01
3.962369438348488093e-01
4.053879574985535528e-01
4.172134574323955736e-01
4.309294913607132904e-01
4.327011183670660399e-01
4.213112219125842439e-01
3.998786271208205623e-01
3.760421823137259922e-01
3.711455793431016059e-01
3.621047567816448320e-01
3.591134111173418519e-01
3.775585217581307051e-01
3.981965301887228081e-01
4.160916154890962892e-01
4.277608887173703911e-01
4.322878443164482332e-01
4.299352061840910344e-01
4.226861733866455473e-01
4.130047749742689067e-01
4.098991233047288851e-01
4.028382618698024831e-01
3.918241558683558945e-01
3.782057242223960669e-01
3.635509640810403176e-01
3.494338370242110470e-01
3.371252156343537698e-01
3.281147301203877764e-01
3.216081549991072208e-01
3.175513462408633414e-01
3.136700247619617077e-01
3.265899657485738516e-01
3.410035095382873416e-01
3.530965351342095770e-01
3.619703158050951441e-01
3.666035379768682323e-01
3.669661833880697999e-01
3.631447935911604752e-01
3.561178871873910690e-01
3.471546873794942867e-01
3.375622421930025152e-01
3.284478725233977991e-01
3.208918466842906048e-01
3.152080963666533120e-01
3.112289446770781787e-01
3.084027778355520888e-01
3.057915389020046115e-01
3.029839497675270166e-01
2.991885322420295146e-01
2.941912617302920308e-01
2.882563110205398349e-01
2.816550668771941046e-01
2.760131632955061254e-01
2.729524284768636844e-01
2.705845458491584199e-01
2.686492882278077587e-01
2.669721791558478108e-01
2.656347571289902065e-01
2.645954425256443754e-01
2.636925883771210066e-01
2.626614277861912261e-01
2.611611864213674306e-01
2.588205595429342587e-01
2.576372394039676550e-01
2.572300723674599832e-01
2.554337060128680781e-01
2.519239527935853151e-01
2.464709075285854978e-01
2.391745008385896820e-01
2.299144936745229628e-01
2.187622828524163343e-01
2.117905716561029605e-01
2.097573731749714510e-01
2.077795486633441102e-01
2.058728814794862916e-01
2.040508463063323563e-01
2.023452659683564192e-01
2.008047367317711551e-01
1.993698176691983681e-01
1.980463740948830154e-01
1.968383833831157115e-01
1.957480456714228434e-01
1.947759000902375970e-01
1.939271515405426860e-01
1.932463327334012215e-01
1.926750147673348679e-01
1.922088822879017278e-01
1.918425318305123917e-01
1.915695960004740739e-01
1.913828662852310458e-01
1.912744137082452167e-01
1.912726942097995875e-01
1.913593408150661146e-01
1.914987402884284207e-01
1.916814209138785752e-01
1.918976956828174207e-01
1.921377588605093500e-01
1.924506288743608184e-01
1.927879836591182283e-01
1.931218402484764785e-01
1.934427547703586048e-01
1.937579789632346561e-01
1.941160030526129510e-01
1.944361935714694345e-01
1.947103190645596837e-01
1.949694877763355760e-01
1.952283271090520245e-01
1.954203622236777571e-01
1.955777031338597205e-01
1.957230279603998369e-01
1.957965980975679698e-01
1.958784556932917642e-01
1.970205255521389198e-01
1.983473230779302932e-01
1.996149361465700267e-01
2.007149344423197479e-01
2.017715421631707251e-01
2.026924036465249657e-01
2.035125247677734839e-01
2.042775176264533254e-01
2.049739912834878941e-01
2.056050422670742117e-01
2.061777756767979863e-01
2.067008448046975255e-01
2.071813542275904862e-01
2.076111627746316524e-01
2.079607276708358710e-01
2.081899377197935219e-01
2.082764276637512346e-01
2.082948472334546497e-01
2.081575021383932633e-01
2.078846020752950774e-01
2.075507351697380987e-01
2.070995512304573127e-01
2.065401669761728620e-01
2.058752708724448377e-01
2.051449793345690720e-01
2.043380659180872305e-01
2.034962967582546189e-01
2.027246687921080148e-01
2.020983953620516249e-01
2.017285031705178810e-01
2.015692847054221248e-01
2.014568455131925673e-01
2.013816125478209984e-01
2.013502095433931938e-01
2.013898993180262831e-01
2.015062276806555419e-01
2.016502115906093351e-01
2.017473066627188394e-01
2.017735393603199978e-01
2.017091684041196764e-01
2.015556230745078059e-01
2.013333075429137309e-01
2.010012171947596071e-01
2.005516240935944772e-01
2.000525833225118011e-01
1.994331837224476156e-01
1.987108457556802377e-01
1.979223925026126485e-01
1.970001462397695247e-01
1.960425123537739012e-01
1.949625609902903844e-01
1.938228049922328944e-01
1.926039715623503734e-01
1.912991016525529553e-01
1.899636204854660282e-01
1.885362936384814003e-01
1.870739969227409316e-01
1.855460000694632849e-01
1.848269035946337457e-01
1.841842748972292720e-01
1.834788219596377723e-01
1.827755105244391054e-01
1.820225282440945114e-01
1.812142430280594962e-01
1.804015363977129749e-01
1.795566780429093401e-01
1.786635520268168575e-01
1.777527993664026196e-01
1.768331306268843550e-01
1.758716975152309625e-01
1.748767805312628210e-01
1.738978458010734529e-01
1.728830929239734970e-01
1.718349508826482464e-01
1.707957283759949929e-01
1.697410594766543823e-01
1.686581708947484659e-01
1.675692517002478621e-01
1.664864984011598104e-01
1.653801390206200150e-01
1.642587259968062152e-01
1.631581876745357151e-01
1.620381219463602196e-01
1.609034307235501504e-01
1.597939298741822278e-01
1.586684738310362719e-01
1.575405868348940530e-01
1.564295499592996963e-01
1.553056573241587135e-01
1.542007006036376915e-01
1.530942846438151095e-01
1.519892628588286609e-01
1.509015616030846829e-01
1.498048288004157902e-01
1.487239552047682767e-01
1.476480349013728210e-01
1.465651294927562132e-01
1.455027588909193204e-01
1.444422868775086799e-01
1.433767461809576371e-01
1.423391819462771490e-01
1.412969870155597607e-01
1.402775834361096874e-01
1.392746848787092817e-01
1.383302127381836610e-01
1.375593413216967820e-01
1.368702832494176069e-01
1.361983515174704229e-01
1.355196069310939666e-01
1.348445293602265338e-01
1.341765954248941295e-01
1.334991462312018762e-01
1.328128434858384110e-01
1.321377931722232668e-01
1.314639853454889207e-01
1.307823986181430864e-01
1.300935812481297249e-01
1.293980518882842379e-01
1.287174827062164961e-01
1.280360440448752024e-01
1.273486479769457835e-01
1.269085613385663724e-01
1.277772855683886322e-01
1.284236839419127252e-01
1.288474405311540449e-01
1.290552186948294711e-01
1.290587797350420951e-01
1.288573719539675144e-01
1.284953912184517710e-01
1.279902567444113626e-01
1.274042029194497605e-01
1.268196280955914690e-01
1.262499410524745291e-01
1.256683998827299586e-01
1.251453485152160539e-01
1.246944921816021540e-01
1.242582639088882501e-01
1.238142092526132026e-01
1.232878774207810113e-01
1.226381006063847895e-01
1.218339030366996506e-01
1.208963462593237032e-01
1.198104717235095873e-01
1.186016650420778917e-01
1.172691085586336085e-01
1.158169484367544827e-01
1.142639659359055287e-01
1.125990594928460570e-01
1.108414801420354590e-01
1.089898893529785417e-01
1.070506250563628275e-01
1.059730998089819243e-01
1.052990808104331821e-01
1.046238277913515285e-01
1.039474359629145445e-01
1.032699971870761069e-01
1.025916002414410527e-01
1.019123310673167720e-01
1.012322730016090855e-01
1.005515069932440136e-01
9.987395459892572935e-02
9.920607863999120202e-02
9.853742933361712975e-02
9.786808497094243164e-02
9.719812220257047219e-02
9.652761618026176049e-02
9.585664068739557786e-02
9.518526825875790742e-02
9.451357029021273393e-02
9.384640324353203666e-02
9.318666492252034028e-02
9.252654758616675468e-02
9.186612308635584701e-02
9.120546246238217525e-02
9.054463600398561518e-02
8.988371330753550104e-02
8.922276332577651348e-02
8.856586618736077277e-02
8.791615820909927381e-02
8.726638938196805417e-02
8.661662999014838049e-02
8.596694977582129693e-02
8.531741796076279527e-02
8.466810326390401820e-02
8.402543156885157460e-02
8.338679922267955291e-02
8.274836912440021452e-02
8.211021123842877911e-02
8.147239501482085589e-02
8.083504316184859928e-02
8.020754378168586107e-02
7.958038470519344931e-02
7.895363625844564748e-02
7.832736819686580976e-02
7.770282433864797444e-02
7.708652621560674323e-02
7.647071868937500849e-02
7.585547192025067498e-02
7.524085541640732067e-02
7.463379155201403659e-02
7.402882454915735155e-02
7.342450738227994378e-02
7.282090945190744513e-02
7.222556543598973589e-02
7.163136717862989000e-02
7.103791461216966974e-02
7.044626841974696574e-02
6.995775253926196646e-02
6.955874661145018678e-02
6.916383331064991646e-02
6.876592783077183080e-02
6.837099850460237604e-02
6.797676205899416679e-02
6.758130134220803609e-02
6.719431740242705342e-02
6.688069088018430697e-02
6.656767191948441409e-02
6.625946943133136091e-02
6.594775488878235059e-02
6.563241894385528352e-02
6.532204521607866410e-02
6.500777667382801051e-02
6.468973780597236933e-02
6.436838319896648342e-02
6.405194408737394096e-02
6.373194257455357115e-02
6.340849911238623238e-02
6.308173274768923144e-02
6.275631056900196625e-02
6.243149489344446829e-02
6.210355432014223048e-02
6.177260372722918891e-02
6.143875655934992464e-02
6.110982452495909018e-02
6.077826049299377142e-02
6.044398743520691675e-02
6.010711451718429854e-02
5.976894350788715393e-02
5.943459978925100251e-02
5.909783571783344680e-02
5.875875611041084939e-02
5.841746431807255668e-02
5.807406222442683397e-02
5.773321067306569354e-02
5.739272370361717113e-02
5.705029166236962740e-02
5.670601202757748205e-02
5.635998080698169377e-02
5.601229253870982500e-02
5.566567114676481548e-02
5.532126290718130529e-02
5.497534822246626790e-02
5.462801722137759775e-02
5.427935857187794061e-02
5.392945948466422446e-02
5.359441023261862780e-02
5.347553385441769502e-02
5.334556051462888832e-02
5.321411946488251166e-02
5.307160072634260761e-02
5.292696160748870671e-02
5.277292268716157059e-02
5.261644460865164824e-02
5.245148839405207319e-02
5.228005327620129095e-02
5.210478253259639980e-02
5.191991223329950333e-02
5.172702484746408147e-02
5.153283610791043606e-02
5.132969067533750540e-02
5.111784934850429479e-02
5.089902424064900871e-02
5.067920561921567674e-02
5.045130398256605919e-02
5.021556953649043004e-02
4.997224966106282584e-02
4.972908735465022406e-02
4.947939467957808424e-02
4.922269029290270159e-02
4.895994458404895333e-02
4.869770608584955002e-02
4.842900650917800198e-02
4.815407357874903344e-02
4.788035943338560252e-02
4.760096450359676407e-02
4.731646748723768864e-02
4.703303404927120651e-02
4.676514636597535468e-02
4.656469051169055684e-02
4.636456886526359872e-02
4.648845584666396608e-02
4.687097389804115166e-02
4.723270319157512470e-02
4.757745475633344545e-02
4.790573606605266072e-02
4.821321379590857992e-02
4.849989594499578421e-02
4.876581352324012297e-02
4.901101972093185877e-02
4.923558907989467048e-02
4.943961666755701534e-02
4.963032907179122655e-02
4.980247610937666575e-02
4.995448677564427731e-02
5.008652197492122204e-02
5.019875933490827724e-02
5.029139242190662495e-02
5.036462996553234955e-02
5.042629224134696081e-02
5.047036446874594157e-02
5.049570600542752780e-02
5.050257225335669231e-02
5.049123031112864174e-02
5.046195826856671868e-02
5.041803861974201301e-02
5.036258968066291419e-02
5.029002557036463261e-02
5.020065648866276625e-02
5.009480053972297647e-02
4.997278311035099896e-02
4.983493626348789451e-02
4.968973664569615450e-02
4.952963981023040391e-02
4.935463567822350600e-02
4.916507367190819239e-02
4.896130729902373191e-02
4.874369363682531237e-02
4.851614040212990503e-02
4.827983578231249268e-02
4.803064540994930048e-02
4.776893333646631268e-02
4.749506502464169444e-02
4.720940692275667899e-02
4.691232605413125228e-02
4.684033477337341822e-02
4.678020752410521482e-02
4.670592221591148008e-02
4.662111567152063540e-02
4.652703099098839945e-02
4.641956524306476567e-02
4.629901237696707611e-02
4.616566963644414684e-02
4.602411799485651989e-02
4.587342420589224368e-02
4.571074509771614475e-02
4.553638493439474827e-02
4.535064950907428949e-02
4.515440089270206930e-02
4.495379316840851514e-02
4.474262137639100495e-02
4.452119251524237070e-02
4.428981361866021760e-02
4.404879146178609234e-02
4.380054900831019393e-02
4.354759090346518174e-02
4.328578665536107761e-02
4.301543847236501822e-02
4.273684712030498961e-02
4.245031169204168536e-02
4.216133201557378807e-02
4.186566198977469816e-02
4.156281094401037546e-02
4.125306896074367596e-02
4.093676536506961339e-02
4.061961179633565011e-02
4.029629914050009143e-02
3.996710628508586688e-02
3.963230898974891975e-02
3.929494774326911660e-02
3.895477881051150754e-02
3.867108604397435923e-02
3.851674392613221865e-02
3.835754358675188408e-02
3.819364102803792654e-02
3.802842310549771343e-02
3.785951986075376807e-02
3.768630285147831632e-02
3.750892160935614256e-02
3.733103263100460978e-02
3.714949824107964538e-02
3.696416828495732027e-02
3.677534103034624940e-02
3.658644087499568487e-02
3.639409867437291835e-02
3.619845171227960290e-02
3.600451108475454659e-02
3.584813908389875015e-02
3.568800791399174416e-02
3.552425013562876543e-02
3.535799859230868980e-02
3.519078574365418211e-02
3.502027121181712499e-02
3.484658112161514998e-02
3.466983989443860048e-02
3.449228634933282356e-02
3.431297364799718030e-02
3.413091099583047405e-02
3.407988429646419126e-02
3.415371800516795592e-02
3.422033444403239227e-02
3.428006744628142588e-02
3.433324479929424772e-02
3.438019563977184195e-02
3.442125417074884397e-02
3.445675131912109140e-02
3.448700518212496902e-02
3.451231873250475146e-02
3.453380172609903792e-02
3.455105217002091972e-02
