4.583283346382462375e-01
4.777885485681058753e-01
4.829262497748738614e-01
5.376834813467001872e-01
5.639294686407643198e-01
5.756954866787368230e-01
5.863271763834444483e-01
6.080127005889658376e-01
6.087627694968273939e-01
5.929277232831131617e-01
6.191379273600957633e-01
6.510650153473803714e-01
6.117000129037547529e-01
6.407210867610617644e-01
6.158408974064998320e-01
7.195281462052963706e-01
7.581640988447108098e-01
8.155656041893357688e-01
8.598831645463909101e-01
9.392738067553886294e-01
8.745080083032621410e-01
7.322851233064605614e-01
7.852462729097737792e-01
8.744491287446879424e-01
9.488962687926750794e-01
9.855434747088416270e-01
1.018368637845967095e+00
1.028098164282768234e+00
1.092093807256850901e+00
1.152521562115702114e+00
1.168732088028114680e+00
1.120870892204166358e+00
1.098814800246592283e+00
1.120776731380678237e+00
1.169892628342043883e+00
1.241225594638144969e+00
1.249514772668571583e+00
1.235950388399008837e+00
1.255481546600242249e+00
1.294142513493403923e+00
1.305414978563920636e+00
1.300359398367598951e+00
1.312294451244862437e+00
1.326304765004427288e+00
1.324561273034744247e+00
1.317641838625078776e+00
1.320965913871819275e+00
1.321795940871233865e+00
1.292167323448151439e+00
1.248136908389175126e+00
1.216950059487985625e+00
1.193330725833599448e+00
1.164188797460840252e+00
1.126310552206600368e+00
1.086676657273790259e+00
1.056908818154334240e+00
1.035352354150352205e+00
1.013966600372210314e+00
9.893067066137225529e-01
9.614777004509568181e-01
9.345948112765296578e-01
9.158246419424165286e-01
9.067265962815006519e-01
8.987318193624034279e-01
8.848135428942248693e-01
8.638954224284987049e-01
8.367473020397278027e-01
8.009193707196841094e-01
7.539340266823231218e-01
6.986554160924629553e-01
6.430232734296346120e-01
5.954723488246652652e-01
5.593795654817724783e-01
5.310130399747607921e-01
5.045372193132293681e-01
4.767331420723353586e-01
4.481101385138030468e-01
4.217872090076660307e-01
4.008763528606719695e-01
3.869946911103906984e-01
3.790674838381195566e-01
3.743872107250283965e-01
3.705196276567555569e-01
3.656319730305209736e-01
3.593754996296022464e-01
3.516872310251507594e-01
3.432682462409049617e-01
3.353274072500926906e-01
3.288248032132474741e-01
3.244836489129712120e-01
3.225055578346252005e-01
3.222359219033297251e-01
3.229412715338121354e-01
3.234526398414274695e-01
3.227978455542990788e-01
3.201827243987973581e-01
3.151337885517226378e-01
3.075497145912215458e-01
2.977564437786984763e-01
2.861043243188406970e-01
2.730810340802168334e-01
2.593269996215954443e-01
2.482521003254741787e-01
2.503195568322381659e-01
2.499213158422025627e-01
2.473310880879984186e-01
2.427426777677742231e-01
2.364520718822341327e-01
2.288664113214797513e-01
2.204432363305226517e-01
2.118143535751390027e-01
2.059259821244463218e-01
2.015679045480660847e-01
1.978623629366872416e-01
1.950972059791129254e-01
1.931213562178659693e-01
1.914751779769172380e-01
1.894659730827543132e-01
1.901220277753882526e-01
1.902214335730189887e-01
1.889611716477796466e-01
1.861321225859786932e-01
1.818235339497329128e-01
1.763624111979886777e-01
1.702401582193976415e-01
1.640665421994741136e-01
1.583118338315413209e-01
1.533252235758316984e-01
1.491970178621005449e-01
1.457679058635518721e-01
1.426864935538546819e-01
1.394967660990227010e-01
1.357363078583993243e-01
1.310496520814676824e-01
1.315762868859284007e-01
1.372750537184390385e-01
1.427848809778548556e-01
1.477003691975152522e-01
1.517908344455998759e-01
1.548647414083661467e-01
1.568613992641769705e-01
1.578306671451085719e-01
1.578337306149208974e-01
1.570225806799330215e-01
1.555422450266186196e-01
1.535401726589910310e-01
1.511536328325295275e-01
1.485329022288969236e-01
1.458005722059045606e-01
1.429327109103929738e-01
1.398799836862232859e-01
1.366419701710101797e-01
1.332103947309526693e-01
1.296097315345114132e-01
1.258695301747047579e-01
1.220243850949547237e-01
1.181121744576248828e-01
1.141972561583537299e-01
1.103171439163962153e-01
1.065352152466861879e-01
1.080691447967739305e-01
1.094959544241847355e-01
1.104925942462335470e-01
1.111096489649174568e-01
1.114077366585619483e-01
1.114429749536022390e-01
1.112642699496127208e-01
1.109220150968735774e-01
1.104606461645856325e-01
1.099204457621723585e-01
1.093298274495720229e-01
1.087069862580275492e-01
1.080657959190992196e-01
1.074148490857052135e-01
1.067612619788668032e-01
1.061183607183370931e-01
1.057204647133105357e-01
1.057597733148664537e-01
1.057891564234895998e-01
1.058005144996653768e-01
1.057914024618670512e-01
1.057681533888817638e-01
1.057436816378265060e-01
1.057332948861377520e-01
1.057530554353451197e-01
1.058185903052772103e-01
1.059472802435393601e-01
1.061549321943077856e-01
1.064409397312201799e-01
1.068050740986398739e-01
1.072397844275889134e-01
1.077296140986203077e-01
1.082512874097810440e-01
1.087741622562892613e-01
1.092678607497897247e-01
1.097002533413131004e-01
1.100429367222395122e-01
1.102608814403068377e-01
1.103193337201944374e-01
1.101875147579396974e-01
1.098601777596493329e-01
1.093476123674780587e-01
1.086829781597689060e-01
1.078353592372760655e-01
1.068029153372319212e-01
1.056295412955801649e-01
1.043776277386744694e-01
1.030206528675663008e-01
1.031778085953906909e-01
1.033308357449471970e-01
1.032025679092439530e-01
1.028284196693187574e-01
1.022335979377231585e-01
1.014461709900669889e-01
1.004701382813468769e-01
9.929748229448803754e-02
9.793231713372739511e-02
9.638471016402247460e-02
9.487157757763670096e-02
9.459978602188309771e-02
9.425070594786352784e-02
9.383178525261638703e-02
9.331604636312287870e-02
9.268362021316810251e-02
9.193389095019693924e-02
9.108507028151067997e-02
9.015925672457671125e-02
8.918032043769262562e-02
8.831157826190119686e-02
8.753964696778548937e-02
8.673903046678443918e-02
8.592931480500404229e-02
8.513429590597344776e-02
8.436745847333572412e-02
8.364491051274552946e-02
8.297772532318682670e-02
8.237505170433244428e-02
8.183759005742366477e-02
8.136218845901826979e-02
8.094876402872797083e-02
8.058731852366597670e-02
8.027109452706431003e-02
7.999257370579747339e-02
7.974396103276050474e-02
7.955946815196371369e-02
7.953849728993592216e-02
7.953906477258139429e-02
7.955430326963590371e-02
7.956960350066703824e-02
7.957804805940574266e-02
7.956689473586583961e-02
7.952688671890269234e-02
7.945269473090607604e-02
7.933400523404811333e-02
7.916583380652521262e-02
7.894429525765117583e-02
7.866656813918453117e-02
7.833157064864319785e-02
7.794065343692117842e-02
7.749944322433668931e-02
7.701110600016131125e-02
7.647878224522440538e-02
7.590196014617876796e-02
7.527710112467732306e-02
7.460483888486127424e-02
7.388033864585882848e-02
7.310438610988705121e-02
7.227843696102548288e-02
7.140531573737847471e-02
7.048826268898880643e-02
6.953083975292005670e-02
6.853739758206982280e-02
6.751753575328635348e-02
6.647293903519409242e-02
6.541187436924805754e-02
6.434016340132921175e-02
6.326275757956709156e-02
6.218684644202100709e-02
6.111453662817459970e-02
6.011894061788346927e-02
5.926962765631848401e-02
5.844737448341778829e-02
5.764989397736322574e-02
5.686937623928851188e-02
5.609470300475511567e-02
5.532109065221219035e-02
5.454479650004300656e-02
5.376721720564910101e-02
5.298569426654902575e-02
5.220433093614641057e-02
5.142317270030695442e-02
5.064694209612845277e-02
4.987697379109187756e-02
4.911671194376743266e-02
4.836878250157899267e-02
4.763554958241955628e-02
4.691484773140384285e-02
4.620482939620915164e-02
4.562940052145059155e-02
4.567385751662102894e-02
4.572909843124914331e-02
4.578215128511922694e-02
4.582347583766776394e-02
4.584647226813289012e-02
4.585000663202329352e-02
4.583216737600599028e-02
4.579409845262405465e-02
4.573778942172791045e-02
4.566613060498515148e-02
4.558036927470457411e-02
4.548172149991948354e-02
4.537205048446695671e-02
4.534659472109423689e-02
4.535295139091785610e-02
4.535432219522759351e-02
4.535033762522692330e-02
4.534067208213786448e-02
4.532504091921299438e-02
4.530319772908663473e-02
4.527493189572599080e-02
4.524006641321089150e-02
4.519845595988671721e-02
4.514998520623884209e-02
4.509456732808027335e-02
4.503214269303620898e-02
4.496267768744993676e-02
4.488616365221801546e-02
4.480261589912607617e-02
4.484680044849359559e-02
4.499833620613475499e-02
4.515145360696646432e-02
4.530477182496413235e-02
4.545659501300224059e-02
4.560624893351991616e-02
4.575333496602471128e-02
4.589990029099018376e-02
4.604241514619938219e-02
4.618025958001644588e-02
4.631287631379060743e-02
4.644315631043603732e-02
4.656708989159630968e-02
4.668414388530240516e-02
4.679451531591076463e-02
4.690015523462831570e-02
4.699752609578522478e-02
4.708620657681285987e-02
4.716774451722618305e-02
4.724196532208421728e-02
4.730645487680457117e-02
4.736092252918706891e-02
4.740871317004573260e-02
4.744661298122511417e-02
4.747384408326309202e-02
4.749148070927710491e-02
4.750125459639324005e-02
4.750002400425366172e-02
4.748775253388134304e-02
4.746755293327627884e-02
4.743754148713715674e-02
4.739658156948427931e-02
4.734544614268064444e-02
4.728723958758472568e-02
4.721848645952805845e-02
4.713940229750980537e-02
4.705275049694501721e-02
4.695794909554826257e-02
4.685360129755927749e-02
4.674016553910602390e-02
4.662182764340428581e-02
4.649496974286738971e-02
4.636000367101949377e-02
4.621877545235113932e-02
4.607276258385317041e-02
4.591991544792142776e-02
4.576071409954076546e-02
4.559747539478965772e-02
4.543066216920144118e-02
4.525890839231375834e-02
4.508272289744463118e-02
4.490404734246217916e-02
4.472388840575673014e-02
4.454073512966022497e-02
4.435508511654687874e-02
4.416809983034090253e-02
4.398202404205566601e-02
4.379480150316352599e-02
4.360688249431336760e-02
4.341870018536254927e-02
4.323347793846825382e-02
4.304879716041557641e-02
4.286496293060474555e-02
4.268232679274430036e-02
4.250317086687439849e-02
4.232649715840944987e-02
4.215186879675547615e-02
4.210858941252806215e-02
4.208102480373675930e-02
4.205780408408486132e-02
4.224557106359325132e-02
4.243193151531494262e-02
4.261733783011008303e-02
4.280362432326861866e-02
4.299858555956636436e-02
4.319549051046316784e-02
4.339279541494325820e-02
4.358998452562375808e-02
4.378712907222952200e-02
4.398425029383308538e-02
4.418182511779715493e-02
4.437966538917695325e-02
4.457767249552346128e-02
4.477679372616247960e-02
4.497618450630024717e-02
4.517708273700993260e-02
4.537867318725770371e-02
4.558176454700018504e-02
4.578623026496366627e-02
4.599176096302715067e-02
4.619963493611237149e-02
4.640867150611040215e-02
4.661932416118690775e-02
4.683229793012189113e-02
4.704661269549225561e-02
4.726253900325673440e-02
4.748099347005496629e-02
4.770079828984826603e-02
4.792191731486619699e-02
4.814559416252905955e-02
4.837063313461337222e-02
4.859678653103222806e-02
4.882470998077302615e-02
4.905429981933452643e-02
4.928466774390118793e-02
4.951581442390953075e-02
4.974889586444457279e-02
4.998230253446708793e-02
5.021585319726337010e-02
5.045059012099082502e-02
5.068556710940713694e-02
5.092011471129286732e-02
5.115478860998708827e-02
5.138964435212042825e-02
5.162343681830721537e-02
5.185634952456831537e-02
5.208924217880528396e-02
5.232040262536354763e-02
5.254986292094064593e-02
5.277887335360412213e-02
5.300547251765136414e-02
5.322991917014500279e-02
5.345312106137659752e-02
5.367324582485014789e-02
5.389130044868539055e-02
5.410682491956347179e-02
5.431894259240298284e-02
5.457075525486548839e-02
5.484070260055302903e-02
5.510833151740535119e-02
5.537321500010158187e-02
5.563529452345646747e-02
5.589441679798130141e-02
5.614990438046521537e-02
5.640261809766348999e-02
5.665081637395288222e-02
5.689633350594228145e-02
5.713722580025209358e-02
5.737439887443132602e-02
5.760748377670601994e-02
5.783595803334724839e-02
5.806079605942706529e-02
5.828040369376936286e-02
5.849661784486626798e-02
5.870735445793729551e-02
5.891462977843374416e-02
5.911664230539956377e-02
5.931472450687625547e-02
5.950826216026581378e-02
5.969710339618708450e-02
5.988230561441600097e-02
6.006328333399967717e-02
6.024016732951428116e-02
6.041314843355460873e-02
6.058233875331470175e-02
6.074781213799126250e-02
6.090962068131889479e-02
6.106778362318466408e-02
6.122231195305844614e-02
6.137333882556269410e-02
6.152084726340427412e-02
6.166509565296832140e-02
6.180625565752201345e-02
6.194438946631247722e-02
6.207964499867435482e-02
6.221265289668508752e-02
6.234537251715190770e-02
6.247861994504746302e-02
6.261135024391074888e-02
6.274304500765139070e-02
6.287328698846179897e-02
6.300236898909264416e-02
6.313123560956082625e-02
6.326039391377190346e-02
6.339325334130804790e-02
6.352986567295576537e-02
6.366708757069708402e-02
6.380715634062859853e-02
6.394563438297948266e-02
6.408160827633960221e-02
6.421483267235121584e-02
6.434532921903367286e-02
6.447319957782342292e-02
6.459843682986961266e-02
6.472093994805860895e-02
6.484058707703080349e-02
6.495722681182719560e-02
6.507069852878180627e-02
6.518175306253465306e-02
6.528971923388532383e-02
6.539461357327611135e-02
6.549660789612675449e-02
6.559641856110190461e-02
6.569357464186542650e-02
6.578807416470398850e-02
6.587994114376839738e-02
6.596933494184997748e-02
6.605669845898233528e-02
6.614145605202072231e-02
6.622354510094351221e-02
6.630327866859669905e-02
6.638094435030386653e-02
6.645595099439212394e-02
6.652838006627172229e-02
6.659912861363877223e-02
6.666752119600340143e-02
6.673359097358720626e-02
6.679758190676890472e-02
6.685991833500942727e-02
6.694388106418441842e-02
6.706349529682575916e-02
6.718100904976995191e-02
6.729580502925414098e-02
6.740814849670172249e-02
6.751837338901528485e-02
6.762553095628401345e-02
6.773082572057760598e-02
6.783327911756410755e-02
6.793322778620945745e-02
6.803100454173310885e-02
6.812570178563807921e-02
6.821888669933842686e-02
6.830920738949562698e-02
6.839719981065327248e-02
6.848344585463357614e-02
6.856738980687700213e-02
6.864934062858694952e-02
6.872958376266713465e-02
6.880838177749169782e-02
6.888600326034823029e-02
6.896274817436226501e-02
6.903980093890289826e-02
6.912146422402197510e-02
6.921288942508238562e-02
6.930742659170856246e-02
6.940406724352185530e-02
6.950223975654731823e-02
6.960224903582733214e-02
6.970457022286077886e-02
6.981018427818833083e-02
6.991671386343116523e-02
7.002268377935710886e-02
7.012784170544944518e-02
7.023186632213883340e-02
7.033433099008976064e-02
7.043500385136219899e-02
7.053364941448880820e-02
7.063038056445609947e-02
7.072507329676304411e-02
7.081726317432975037e-02
7.090675807552955512e-02
7.099447489392347876e-02
7.107914502420802083e-02
7.116137596692123646e-02
7.124104061736141746e-02
7.131770474996593223e-02
7.139216442455667555e-02
7.146325841017145408e-02
7.153236954797499714e-02
7.159789422524485969e-02
7.166157348778837144e-02
7.172153408822043441e-02
7.177976960960300024e-02
7.183431732973426243e-02
7.188702396160759345e-02
7.193628775255411778e-02
7.198346182312678754e-02
7.202759762436344859e-02
7.206925963063319507e-02
7.210845726160911018e-02
7.214463213729171986e-02
