5.274594428295440451e-01
5.319252636350538799e-01
5.517479983127987486e-01
5.772097226315583418e-01
5.756434858169061641e-01
6.121685667071306014e-01
6.624034327020520418e-01
6.260717364701549048e-01
7.172290766208523349e-01
6.667015099875399642e-01
6.310803934861861642e-01
7.412668741001112727e-01
8.053696189328443111e-01
7.642694085186264585e-01
7.656087585449043997e-01
8.763923168717663303e-01
9.341235803999308196e-01
8.420731289279530518e-01
1.256607710955879531e+00
1.544093940981134727e+00
1.681197003559204983e+00
1.771365421317282252e+00
1.697073045536678704e+00
1.619655575619002530e+00
1.518017037321230500e+00
1.320050459270015075e+00
1.261414371700968484e+00
1.323342221592367585e+00
1.242123275844196462e+00
1.338634761469288836e+00
1.424447748642049039e+00
1.318489438552783444e+00
1.202151852434834467e+00
1.140318690797723633e+00
1.052945735039764630e+00
1.096066254708185639e+00
1.190373353346465102e+00
1.286574311490698452e+00
1.437888502710447547e+00
1.663357365604301030e+00
1.920234189484787413e+00
2.127905538910292549e+00
2.225965416259595209e+00
2.216832945720740966e+00
2.300516061544036539e+00
2.328661076535635477e+00
2.322488656446620947e+00
2.279921796549520874e+00
2.205551518862967963e+00
2.091957346981879518e+00
1.939139644259121331e+00
1.763905025027331597e+00
1.585714803223172042e+00
1.417631654052441847e+00
1.267660630257700705e+00
1.132299021803180983e+00
1.008979652637711721e+00
9.467663841652584900e-01
9.043921148446881775e-01
8.742068179637363379e-01
8.565115383820443018e-01
8.284992907275277041e-01
8.021550641919034108e-01
8.617420001261124618e-01
9.143975669486826829e-01
9.511251317273273775e-01
9.654044450072486461e-01
9.568524468152141971e-01
9.275122067821056637e-01
8.811870710439382304e-01
8.226722332205378407e-01
7.569807942044060045e-01
6.886516948469432187e-01
6.448496661314676581e-01
6.613184125352167264e-01
6.611008863753359277e-01
6.490338051163412336e-01
6.300195906310320781e-01
6.081602061471410581e-01
5.972393216768165924e-01
5.935362570587220388e-01
5.917854036329972534e-01
5.916824244057914406e-01
5.922149614357501424e-01
5.923628837014949244e-01
5.914797758754311019e-01
5.883949222110602673e-01
5.819577725278570757e-01
5.715937218558441169e-01
5.569971790542700418e-01
5.381449118824698230e-01
5.158135779520122144e-01
4.901457863185683106e-01
4.616155340605699875e-01
4.313874886481534054e-01
4.007395891781264652e-01
3.704833908687688582e-01
3.419687997233276655e-01
3.282737649500830912e-01
3.156674975818271611e-01
3.051430667967851007e-01
2.973323150223627920e-01
2.924767254596726263e-01
2.904518272737685591e-01
2.908288842044167710e-01
2.930763860171566315e-01
2.962402277790734395e-01
2.994819929529495273e-01
3.020274276370680244e-01
3.032166728959371227e-01
3.025474481210695399e-01
2.997403096131285305e-01
2.945562851263011650e-01
2.870264946084802316e-01
2.774491542588207182e-01
2.660834620129318151e-01
2.545954548138547602e-01
2.455042282267750620e-01
2.358721899110776954e-01
2.259009396146617055e-01
2.160418226020723309e-01
2.067062477158579936e-01
1.982810100666409781e-01
1.909431737733962298e-01
1.882719790573298968e-01
1.893497832094893363e-01
1.954527850275605272e-01
2.010613456569264046e-01
2.064874841383978199e-01
2.115429735888809670e-01
2.158674461864722449e-01
2.192022592605577802e-01
2.214406504390085684e-01
2.227011658049287135e-01
2.229731682610888721e-01
2.219887756233911713e-01
2.194956234646549265e-01
2.153652652757253594e-01
2.097355103712980895e-01
2.067032419721140102e-01
2.075062355225278654e-01
2.076832251434521104e-01
2.071026201325416871e-01
2.058568824468591241e-01
2.040164325220392705e-01
2.017267730400532644e-01
1.990071347639462140e-01
1.966714475743236157e-01
1.970568054653795698e-01
1.971928311763204711e-01
1.969879063645497419e-01
1.969424414928543920e-01
1.965044360214762698e-01
1.955068836725330494e-01
1.946235919604909770e-01
1.965414080444228551e-01
1.993373871887818283e-01
2.009254742495598378e-01
2.012395495805619494e-01
2.002760067288093249e-01
1.980857273161886478e-01
1.947999676633607735e-01
1.915676705472556252e-01
1.890882473792808716e-01
1.860127966263057375e-01
1.823756483888026581e-01
1.782530245320589624e-01
1.738206975440347579e-01
1.691662131255725621e-01
1.644185675036655414e-01
1.597115521716733766e-01
1.551999789347913716e-01
1.509864813371920578e-01
1.471021109210165767e-01
1.436825615778975218e-01
1.406664015512456845e-01
1.380739724466423513e-01
1.358862017898983254e-01
1.339982616759394507e-01
1.323717265756090555e-01
1.309422667057532907e-01
1.295934790277269710e-01
1.283084400588150042e-01
1.270140761015768616e-01
1.256606868337794281e-01
1.242828048577816757e-01
1.228241173569824402e-01
1.213549270644252026e-01
1.238962948784985141e-01
1.268362603772043573e-01
1.299120113117304409e-01
1.330807023564793967e-01
1.363002085843571798e-01
1.395295388903861344e-01
1.427516203573736264e-01
1.459562094894607531e-01
1.490686281297757820e-01
1.520550346245757856e-01
1.549735212448811739e-01
1.577276078961029893e-01
1.603113907858066678e-01
1.627601344897860458e-01
1.649683273476709455e-01
1.670523951677653218e-01
1.688628341881556472e-01
1.705236067415818180e-01
1.719007158726224005e-01
1.731153700904488335e-01
1.758633619635455170e-01
1.785627114082108113e-01
1.809437854721065164e-01
1.830584051062065232e-01
1.849100873397813427e-01
1.864622345832496475e-01
1.877445011724927226e-01
1.887905743673519987e-01
1.896341905171964604e-01
1.903052761754342459e-01
1.923539549129973936e-01
1.950120001609452758e-01
1.974233261425878683e-01
1.995655738709906923e-01
2.025561851625265475e-01
2.058521894936474472e-01
2.086352637588309578e-01
2.109230316967480867e-01
2.127712964410990448e-01
2.141616851497276375e-01
2.151838483171153449e-01
2.158238327010177093e-01
2.160901321630919192e-01
2.160234160997162589e-01
2.156197111788600851e-01
2.148280961011372892e-01
2.137060143982018046e-01
2.122129137073036631e-01
2.103891582306290642e-01
2.082133312632168665e-01
2.057168005248856957e-01
2.028634192785560841e-01
1.997567821230207541e-01
1.963838172347258659e-01
1.928364210476262997e-01
1.891545058186696326e-01
1.876912292499764989e-01
1.863088584807020276e-01
1.847862946979099696e-01
1.831379091778159995e-01
1.813800446595742188e-01
1.795283969174043814e-01
1.775956545332924297e-01
1.755909884473072502e-01
1.735215899340206702e-01
1.713945255582972893e-01
1.692173957917089966e-01
1.669972306220200153e-01
1.647388609831275386e-01
1.624449517457160763e-01
1.601174053872094771e-01
1.577583293623052996e-01
1.553703947194357560e-01
1.529568315061613504e-01
1.505207901673202009e-01
1.480645992857716475e-01
1.455890314422211562e-01
1.430921666550606375e-01
1.405695058106245232e-01
1.380539200136857991e-01
1.355107721407559362e-01
1.329430150181648007e-01
1.303893595486697032e-01
1.282574052496616157e-01
1.263950243889380987e-01
1.245549205171539858e-01
1.227381364963445742e-01
1.209394657184752891e-01
1.191522222612238502e-01
1.173699137422707650e-01
1.156082733756582520e-01
1.138559066698303368e-01
1.121092042978807796e-01
1.103880660446808215e-01
1.086663048985263974e-01
1.069774585248437493e-01
1.052904596261906162e-01
1.036342525130406617e-01
1.019844875227665093e-01
1.003668403991006403e-01
9.875508254324585899e-02
9.718094158451497100e-02
9.561533578047821946e-02
9.407899389077398200e-02
9.256381934588726879e-02
9.106209831439222857e-02
8.959846023621580169e-02
8.815202213450093471e-02
8.672271224046168570e-02
8.532682484062276140e-02
8.395586224430322264e-02
8.260461779489432221e-02
8.127413644321705710e-02
7.997981024490401214e-02
7.870983196350829492e-02
7.746194591694129106e-02
7.623675068946589306e-02
7.503719723510857142e-02
7.387230522142326783e-02
7.273043787752314637e-02
7.161184076248799935e-02
7.051667307162275133e-02
6.944501357246442297e-02
6.840302250419909302e-02
6.738841075441084905e-02
6.639653261311824484e-02
6.542723827225685462e-02
6.448032264180010575e-02
6.355553015565083841e-02
6.265255937810858267e-02
6.177813967942840517e-02
6.092515092868010240e-02
6.009247491075268149e-02
5.927969521406515480e-02
5.848636813680067187e-02
5.771202615437531075e-02
5.695618120007302221e-02
5.621871185432354007e-02
5.550420188745375238e-02
5.480640289328449211e-02
5.412479126180883698e-02
5.345883542316991199e-02
5.280799814052858365e-02
5.217173864768279851e-02
5.154951463663403483e-02
5.094078410040455557e-02
5.034625614051591730e-02
4.976770883060425282e-02
4.920092875372002877e-02
4.864539975325198051e-02
4.810061243776506124e-02
4.756606530910186675e-02
4.704126578253382818e-02
4.652573110413776164e-02
4.607590776619115841e-02
4.572799824810155206e-02
4.538974865173404233e-02
4.506082403781917073e-02
4.474288437330235790e-02
4.443387700942572072e-02
4.413317546572051442e-02
4.384046114961427654e-02
4.355541920675143341e-02
4.327773890717510202e-02
4.300711399810632635e-02
4.274324302488181210e-02
4.248582962157042980e-02
4.223458277275032868e-02
4.198921704788423359e-02
4.174945280968939826e-02
4.151501639785529912e-02
4.128564028941800884e-02
4.106106323706352340e-02
4.084103038657738854e-02
4.062529337462918860e-02
4.041361040802855104e-02
4.020574632555062866e-02
4.000147264338858866e-02
3.980056758524839339e-02
3.960281609806234893e-02
3.940800985425590985e-02
3.921594724146922756e-02
3.902643334059070074e-02
3.883927989292582095e-02
3.865430525729084132e-02
3.847133435778181398e-02
3.829019862293696341e-02
3.811073591697813207e-02
3.793360316142228156e-02
3.775967969077125702e-02
3.758698221566823816e-02
3.741537288267884898e-02
3.724471978823200302e-02
3.707489687990047494e-02
3.693623439522535773e-02
3.683393112759859866e-02
3.671729193287458920e-02
3.659113193094982314e-02
3.645388421532494427e-02
3.630244605676354736e-02
3.614313808280755769e-02
3.597229928909850133e-02
3.578803451413268416e-02
3.559354028343531678e-02
3.539124824465356145e-02
3.517638367415053258e-02
3.494930188398542165e-02
3.472694287240301464e-02
3.455996573563201862e-02
3.439345431577762319e-02
3.422639811672276849e-02
3.405875576919275421e-02
3.389048950795379295e-02
3.372156505345591526e-02
3.355195149461210474e-02
3.338162117283512836e-02
3.321054956744741438e-02
3.303871518256563944e-02
3.286609943555311719e-02
3.269268654712739058e-02
3.251846343319562960e-02
3.234341959848973519e-02
3.216918907830237928e-02
3.199522011632224827e-02
3.182038463006597873e-02
3.164468091210953515e-02
3.146810936302726902e-02
3.129067239706943143e-02
3.111237434987346867e-02
3.093322138823130854e-02
3.075322142192865593e-02
3.057238401767143829e-02
3.039116232629432424e-02
3.021127859889963588e-02
3.003056097420955112e-02
2.984902451787032826e-02
2.966668557534568942e-02
2.948356169823014919e-02
2.929967157260585098e-02
2.911503494943104564e-02
2.892967257694587999e-02
2.874596627974741053e-02
2.856162386760085353e-02
2.837658618839758798e-02
2.819087722376447530e-02
2.800452166346672350e-02
2.781754484915641840e-02
2.762997271996986415e-02
2.744337054871931469e-02
2.725694434882034584e-02
2.706996546955131935e-02
2.691580675612599560e-02
2.688782870418239546e-02
2.685979396390976437e-02
2.683167707585034853e-02
2.680345360404252225e-02
2.677510011376600316e-02
2.674659414942743424e-02
2.671791421260230268e-02
2.668903974024327760e-02
2.665995108307283104e-02
2.663062948416671308e-02
2.660105705774461204e-02
2.657121676817368605e-02
2.654109240919718879e-02
2.651066858339596807e-02
2.647993068189022359e-02
2.644886486429000316e-02
2.641745803889970767e-02
2.638569784318357120e-02
2.635357262449659205e-02
2.632107142108662187e-02
2.628818394337109968e-02
2.625490055549228874e-02
2.622121225715510345e-02
2.618711066574800836e-02
2.615258799875310250e-02
2.611763705644307501e-02
2.608225120486961507e-02
2.604642435914314783e-02
2.601015096700493023e-02
2.597342599269143390e-02
2.593624490109277050e-02
2.589860364220248484e-02
2.586049863586070696e-02
2.582192675678832150e-02
2.578288531991217852e-02
2.574337206597947583e-02
2.570338514746037598e-02
2.566292311473670693e-02
2.562268707090748637e-02
2.558235228199412167e-02
2.554153555719889876e-02
2.550023674413871150e-02
2.545845602818823036e-02
2.541619392031093522e-02
2.537345124515638303e-02
2.533022912942424487e-02
2.528652899048870056e-02
2.524235252528413478e-02
2.519770169944616361e-02
2.515257873670736360e-02
2.510698610854211407e-02
2.506092652405972343e-02
2.501440292014090946e-02
2.496741845181526392e-02
2.491997648287596137e-02
2.487208057672841630e-02
2.482373448746927336e-02
2.477494215119275048e-02
2.472570767751990778e-02
2.467603534134885437e-02
2.462592957482038353e-02
2.457539495949706901e-02
2.452443621875212421e-02
2.447305821036297249e-02
2.442126591930803697e-02
2.436906445076152464e-02
2.431645902328393241e-02
2.426345496220336934e-02
2.421005769318572767e-02
2.415627273598840857e-02
2.410210569839577391e-02
2.404756227033171684e-02
2.399264821814646800e-02
2.393736937907357809e-02
2.388173165585464122e-02
2.382574101152710316e-02
2.376940346437318718e-02
2.371272508302515319e-02
2.365571198172491951e-02
2.359837031573387353e-02
2.354070627688978345e-02
2.348272608930856986e-02
2.342443600522558372e-02
2.336584230097632844e-02
2.330695127311033232e-02
2.324776923463810208e-02
2.318830251140516219e-02
2.312855743859326338e-02
2.306854035734373989e-02
2.300865898456811928e-02
2.294901921244970819e-02
2.288911735042306259e-02
2.282895974653154081e-02
2.276855274140973315e-02
2.270790266553466760e-02
2.264701583658100884e-02
2.258589855687835948e-02
2.252455711096668436e-02
2.246299776324950023e-02
2.240122675574007099e-02
2.233925030589998043e-02
2.227707460456708477e-02
2.221470581396979907e-02
2.215215006582697821e-02
2.208941345952966304e-02
2.202650206040345643e-02
2.196342189804914233e-02
2.190017896475913300e-02
2.183677921400744085e-02
2.177322855901274445e-02
2.170953287137036836e-02
2.164569797975263513e-02
2.158172966867492881e-02
2.151763367732682786e-02
2.145341569846437313e-02
2.138908137736413029e-02
2.132463631083460903e-02
2.126008604628629867e-02
2.119543608085619479e-02
2.113069186058569304e-02
2.106585877965155840e-02
2.100094217964666027e-02
2.093594734891045597e-02
2.087087952190567683e-02
2.080574387864245894e-02
2.074054554414585250e-02
2.067528958796733402e-02
2.060998102373764670e-02
2.054462480875968861e-02
2.047922584364157347e-02
2.041378897196605494e-02
2.034831897999813885e-02
2.028282059642644644e-02
2.021729849214002825e-02
2.015175728003716291e-02
2.008620151486668892e-02
2.002063569309947208e-02
1.995506425283022356e-02
1.988949157370728527e-02
1.982392197689012564e-02
1.975835972503381041e-02
1.969280902229848806e-02
1.962727401438368532e-02
1.956175878858672917e-02
1.949626737388320680e-02
1.943080374103018509e-02
1.936570019877634913e-02
1.930088092337089306e-02
1.923609366133013920e-02
1.917134221273281494e-02
1.910663032023441829e-02
1.904196166926994810e-02
1.897733988827367616e-02
1.891276854891467407e-02
1.884825116634845574e-02
1.878379119948280981e-02
1.871939205125755859e-02
1.865505706893827442e-02
1.859078954442249312e-02
