2.673793181613959846e-01
2.681092546680851063e-01
2.684829403937252223e-01
2.695808832820323908e-01
2.703416087302218940e-01
2.722012381889409860e-01
2.732822168318724820e-01
2.786927146770050157e-01
3.248667828253039569e-01
2.972852956996193674e-01
3.699159611748776277e-01
4.439998268451431085e-01
5.335495747984260184e-01
5.946564492862979057e-01
5.903630064974079161e-01
5.156726503967266062e-01
5.792565505164218864e-01
5.262395579354984809e-01
4.375944963032855073e-01
4.473976742365747272e-01
4.487258563219142515e-01
4.519511386314910006e-01
4.420481620132618583e-01
4.474871520143265946e-01
4.446283641855022783e-01
5.164804812412676638e-01
5.033594371341261198e-01
4.553135361614293886e-01
4.610474621761043723e-01
4.655935848951634481e-01
4.699936487560099629e-01
5.374840407614572824e-01
5.938880481171131542e-01
6.038684676271242058e-01
5.704514408164421679e-01
5.376373470240319863e-01
5.082466878104011654e-01
5.520425716287584716e-01
5.733242101328741569e-01
5.721106040515949731e-01
5.623678659940297697e-01
5.443269144632877365e-01
5.242195398822290242e-01
5.678719436560240030e-01
5.947179592414826299e-01
6.097954167704021655e-01
6.127895175434144859e-01
6.397241114390941341e-01
6.932065487225334000e-01
7.074491550738546408e-01
6.881138409153763069e-01
6.618454429062723410e-01
6.167948636052792422e-01
5.912747778825337974e-01
5.932153239781171594e-01
5.987193913787975941e-01
6.058821429372686085e-01
6.161641952621819129e-01
6.269518906145533643e-01
6.375683210689119251e-01
6.962812278818714118e-01
7.865912855687836602e-01
8.637517040324519391e-01
9.258655276650813448e-01
9.665005272926809887e-01
9.852841357551773704e-01
9.806359034107511308e-01
9.525643906232750258e-01
9.053962412275582405e-01
8.391162342996490997e-01
7.610801317994047022e-01
6.810200726351658407e-01
6.426081458053565232e-01
6.199330729829619635e-01
5.935792179556665937e-01
5.708600168765518568e-01
5.572787751301808701e-01
5.414362719685111847e-01
5.348299242142848797e-01
5.278897215539564147e-01
5.338810498084076706e-01
5.655642736484530753e-01
5.905602581280909869e-01
6.075710267900643613e-01
6.160915841664732495e-01
6.162953377588461512e-01
6.118342048520101217e-01
6.043160955081153807e-01
5.908684893781391834e-01
5.726178343159362694e-01
5.512624693756692507e-01
5.276080376066095701e-01
5.023656117162996759e-01
4.773906539796717308e-01
4.526251812662245855e-01
4.297235818330829571e-01
4.089217778695127814e-01
3.908777506065814755e-01
3.761536811489375465e-01
3.651045433047861444e-01
3.579609528337973079e-01
3.548684311368728861e-01
3.552139919641071342e-01
3.585094749290893557e-01
3.641433318209261749e-01
3.714336181509656498e-01
3.796840596458643247e-01
3.882359068883925457e-01
3.965095596975003467e-01
4.042561106156466466e-01
4.113222772599045007e-01
4.171327254910606186e-01
4.223046526520760069e-01
4.261194215156169363e-01
4.292474840088652543e-01
4.312971700237809292e-01
4.324984494442106753e-01
4.330712704939161384e-01
4.342681380511057565e-01
4.338138373494006550e-01
4.311814209207698312e-01
4.279167883919802184e-01
4.248249231184236252e-01
4.211884233015911194e-01
4.168541650874144078e-01
4.117518623088073371e-01
4.058995541809111707e-01
3.993221734892286046e-01
3.922588231596531583e-01
3.845378252943159048e-01
3.762105823056678400e-01
3.673413055036112707e-01
3.580038680520183370e-01
3.484169528070374389e-01
3.385460448961605806e-01
3.284405478036148129e-01
3.181854449150897102e-01
3.078582213862203765e-01
2.987973040981374284e-01
2.936549870276515817e-01
2.880340661943326386e-01
2.822312485716482744e-01
2.762200998104603067e-01
2.699022112305972665e-01
2.636378130247178375e-01
2.571671827260353926e-01
2.505152851942258896e-01
2.439607715277722355e-01
2.372986149237634734e-01
2.305352846152897150e-01
2.237634370405746087e-01
2.170681643327441457e-01
2.103254096679425811e-01
2.035575645358776997e-01
1.967862339852075038e-01
1.901113282512058300e-01
1.835051752280737747e-01
1.769410100726180324e-01
1.704413733111775908e-01
1.640291542693351756e-01
1.577274978911472059e-01
1.515596332812289559e-01
1.455486428018383793e-01
1.397171908743841118e-01
1.340872309420298447e-01
1.307965434330240206e-01
1.315188041880583913e-01
1.321839152026743625e-01
1.328323746226226232e-01
1.333939452724073327e-01
1.338656966279337668e-01
1.342453236599369937e-01
1.345848155794849565e-01
1.348677485985212698e-01
1.350545413740615319e-01
1.351451242157768740e-01
1.351399685891960800e-01
1.351267957603654035e-01
1.350241173783494897e-01
1.348283124000201616e-01
1.345414557762393548e-01
1.341996668113559221e-01
1.338260931240943252e-01
1.333674308187755564e-01
1.328267562709369853e-01
1.322073361199559982e-01
1.315897988824754339e-01
1.309042444280384965e-01
1.301480765651852611e-01
1.293249646136105657e-01
1.284888066974117227e-01
1.276180766551064660e-01
1.266890567125919242e-01
1.257055095445496207e-01
1.257888638418092064e-01
1.280509141556308572e-01
1.300322797737706593e-01
1.316544606198923328e-01
1.328243277240748199e-01
1.334957418984211996e-01
1.336408779407029235e-01
1.339434120125954086e-01
1.344857325544416837e-01
1.343978026620574751e-01
1.343419552929880356e-01
1.356184819582281209e-01
1.368283653682939305e-01
1.379612148985596420e-01
1.390107982435228318e-01
1.399831826502209720e-01
1.408816456267114603e-01
1.416925524956167137e-01
1.424133077725126262e-01
1.430401711954845112e-01
1.437046798063438546e-01
1.450924758116490521e-01
1.464032914655282180e-01
1.476643787644159045e-01
1.488402298052228512e-01
1.499312062964122116e-01
1.509379647947400871e-01
1.518614254523908136e-01
1.527152610525994436e-01
1.535278244362305033e-01
1.542613402002032397e-01
1.549173759379116055e-01
1.554976350654634909e-01
1.560039335606153155e-01
1.564784612995986368e-01
1.568963414811268553e-01
1.572458254914959053e-01
1.575289086802239003e-01
1.577476136980349997e-01
1.579248566998798509e-01
1.580744391121527981e-01
1.581651207735827458e-01
1.581988655153157008e-01
1.581776130041206152e-01
1.581046999914699491e-01
1.580314854183235140e-01
1.579081045783894965e-01
1.577363137008618854e-01
1.575178204892860589e-01
1.572542811533085561e-01
1.569781201996204023e-01
1.566790243215537282e-01
1.563386706881184363e-01
1.559584886264896997e-01
1.555398534508598274e-01
1.550903601820581568e-01
1.546465013420973422e-01
1.541671257684019414e-01
1.536534020414072610e-01
1.531064518495995619e-01
1.525273518665363481e-01
1.519447724716744830e-01
1.513492193885978832e-01
1.507236295157065586e-01
1.500689246730583515e-01
1.493859931674129393e-01
1.486791397655498614e-01
1.479849313704519331e-01
1.472641268453064589e-01
1.465175075861433196e-01
1.457458326862189901e-01
1.449498409390191367e-01
1.441536435835975016e-01
1.433507660477904844e-01
1.425248477785753531e-01
1.416765694744805681e-01
1.408066001948285462e-01
1.399204637382452932e-01
1.390464669843510248e-01
1.381519069346731354e-01
1.372374238203219743e-01
1.363036521611388219e-01
1.353512216149552472e-01
1.344058494876664012e-01
1.334522954192204625e-01
1.324811457128039771e-01
1.314930222532731119e-01
1.304885449495599981e-01
1.294785205739641953e-01
1.284752370939856725e-01
1.274566628072383578e-01
1.264234175468828825e-01
1.253761200641526630e-01
1.243153879863784783e-01
1.232679043857419360e-01
1.222111441051692976e-01
1.211420317622688564e-01
1.200611855091430896e-01
1.189692216256643953e-01
1.178775246686713102e-01
1.167918948586993411e-01
1.156962424900270098e-01
1.145911803528118916e-01
1.134773178293008861e-01
1.123552604929456827e-01
1.112477475897002688e-01
1.101348672772504977e-01
1.090148775194004355e-01
1.078883726765194895e-01
1.069379424179877913e-01
1.061908037622479872e-01
1.054011597380627163e-01
1.046097396664938950e-01
1.037797284627041683e-01
1.029410975759585539e-01
1.020743489019551864e-01
1.011901870566197376e-01
1.002902549462695442e-01
9.936303598760598543e-02
9.843338611829485774e-02
9.747258356967666848e-02
9.651109218277698076e-02
9.552619197418640851e-02
9.453227867038768717e-02
9.352645771053920420e-02
9.250693518391100989e-02
9.148323239774462656e-02
9.044526383658245405e-02
8.940657393347894999e-02
8.835668656755581163e-02
8.730576058471720136e-02
8.624894885643727416e-02
8.518840067607248712e-02
8.412760490012774484e-02
8.305992123346396527e-02
8.199609560789336560e-02
8.092364576325605796e-02
7.985633265489731902e-02
7.878137507752766555e-02
7.770953740282479649e-02
7.663422159315771975e-02
7.555714509459443562e-02
7.448350868875106001e-02
7.340159810806824725e-02
7.233155994659304366e-02
7.125392330151721076e-02
7.018216968487890617e-02
6.911124513593709662e-02
6.804062745422033431e-02
6.738024849232149283e-02
6.686307300966942702e-02
6.635775724922070296e-02
6.587000861552610997e-02
6.539337974577295876e-02
6.492456503600420314e-02
6.445909983758355000e-02
6.399580433484021447e-02
6.353591546096212794e-02
6.307255469628293698e-02
6.261328324173874582e-02
6.215042997021610893e-02
6.168732394636840949e-02
6.122554627233516011e-02
6.075791729772890559e-02
6.029465644358637799e-02
5.982912511336643119e-02
5.935860152840564952e-02
5.889216408011653525e-02
5.842468565587648904e-02
5.795300842840774014e-02
5.748074690452797952e-02
5.701298708159012463e-02
5.654175780848667149e-02
5.606739232253490218e-02
5.559466060978550395e-02
5.512534470526993247e-02
5.465353482464635482e-02
5.417952939738116674e-02
5.370407417419376106e-02
5.323609469684396911e-02
5.276647929290743250e-02
5.229549337941082066e-02
5.182339312117781316e-02
5.135113304418065933e-02
5.088611415509948499e-02
5.042044136730879783e-02
4.995434043381082045e-02
4.948802858229459783e-02
4.902171467551599826e-02
4.855909989735025106e-02
4.810085110786101875e-02
4.764295165342445626e-02
4.718558344509076602e-02
4.672892082072965803e-02
4.627313071582286885e-02
4.581941363846843418e-02
4.552872659627105190e-02
4.530557458417266981e-02
4.508370084620180046e-02
4.486129506541655654e-02
4.464271245651992015e-02
4.442429171526666304e-02
4.420900628395393189e-02
4.399608197602875026e-02
4.378449194855507653e-02
4.357637847316432611e-02
4.365408533317100687e-02
4.370976988119413403e-02
4.374621964617839143e-02
4.376328321097034540e-02
4.375854773338236359e-02
4.373787684152585786e-02
4.369405666298753488e-02
4.363643249227542459e-02
4.355565950975386763e-02
4.346205302176025381e-02
4.334647416467064113e-02
4.321833803925564238e-02
4.307009920630607697e-02
4.290954770458570849e-02
4.273077845588231505e-02
4.254058455531609800e-02
4.233338436744847610e-02
4.211677794210959280e-02
4.188440046379698217e-02
4.164348898574744828e-02
4.139008869826447945e-02
4.112563981694001419e-02
4.085343001482510256e-02
4.056917327525793454e-02
4.027772543982886116e-02
3.997598226598780835e-02
3.966553465781437471e-02
3.934672492654936460e-02
3.901906071326744635e-02
3.868388553293095750e-02
3.834072774005570228e-02
3.799072728321159498e-02
3.763373225958571017e-02
3.727155179757412479e-02
3.690250866735115404e-02
3.663073065669088940e-02
3.645429676546308589e-02
3.627827683379600265e-02
3.610269389280683361e-02
3.592839946879732016e-02
3.575629053436808757e-02
3.558463024186944018e-02
3.541343859324277282e-02
3.524287405468242568e-02
3.507508925995071053e-02
3.490777937667154801e-02
3.474096172977238217e-02
3.457465280646609268e-02
3.440941844096660068e-02
3.424643279724619294e-02
3.408395600724151153e-02
3.392200229235371040e-02
3.376058515053079190e-02
3.359971738036317962e-02
3.343974222321068751e-02
3.328209810658554896e-02
3.312499726113764253e-02
3.296845066072104369e-02
3.281246867861415534e-02
3.265706110841524318e-02
3.250223718439950588e-02
3.234800560134443864e-02
3.219437453382762576e-02
3.204322033349568666e-02
3.189265643464032907e-02
3.174267959991738941e-02
3.159329674107307778e-02
3.144451432683944420e-02
3.129633839939790357e-02
3.114877459036991675e-02
3.100182813634346987e-02
3.085550389394173948e-02
3.070980635444487197e-02
3.056473965797144865e-02
3.042167358424045093e-02
3.027947344851652720e-02
3.013788516646105989e-02
2.999691212939929394e-02
2.985655743233287321e-02
2.971682388583090154e-02
2.957771402754158854e-02
2.943923013333231420e-02
2.930137422806761843e-02
2.916414809603234612e-02
2.902755329100998802e-02
2.889159114602314615e-02
2.875626278274637238e-02
2.862156912059750369e-02
2.848751088551723307e-02
2.835487649701955853e-02
2.822340149336160717e-02
2.809253968406598065e-02
2.796229150222176094e-02
2.783265721947182289e-02
2.770363695322816677e-02
2.757523067362882205e-02
2.744743821024276526e-02
2.732025925853026269e-02
2.719369338606582656e-02
2.706774003853074095e-02
2.694239854548171817e-02
2.681766812590319696e-02
2.669354789354912508e-02
2.657003686208088411e-02
2.644713395000824682e-02
2.632483798543803696e-02
2.620314771063929002e-02
2.608206178642778414e-02
2.596157879637752547e-02
2.584169725086491246e-02
2.572317267732657578e-02
2.560549194386191676e-02
2.548839071261020314e-02
2.537186751405288293e-02
2.525592081839969638e-02
2.514054903883709488e-02
2.502575053464282939e-02
2.491152361417166977e-02
2.479786653771658828e-02
2.468477752025003205e-02
2.457225473404883731e-02
2.446029631120799977e-02
2.434890034604642040e-02
2.423806489740916101e-02
2.412778799086913450e-02
2.401806762083388488e-02
2.390890175255799485e-02
2.380028832406772335e-02
2.369222524799923998e-02
2.358471041335408538e-02
2.347774168717576757e-02
2.337131691614990209e-02
2.326543392813067851e-02
2.316009053359735503e-02
2.305528452704283873e-02
2.295101368829695343e-02
2.284727578378819776e-02
2.274406856774446525e-02
2.264138978333760446e-02
2.253989092652946766e-02
2.243896408900550310e-02
2.233854745427125629e-02
2.223863890234934609e-02
2.213923630432926976e-02
2.204033752326782850e-02
2.194194041504549803e-02
2.184404282918106857e-02
2.174664260960626830e-02
2.164973759540165729e-02
2.155332562149552683e-02
2.145740451932858645e-02
2.136197211748373098e-02
2.126702624228459307e-02
2.117256471836301973e-02
2.107858536919708647e-02
2.098508601762117190e-02
2.089206448630944596e-02
2.079951859823337204e-02
2.070744617709512417e-02
2.061584504773775195e-02
2.052471303653284618e-02
2.043404797174767223e-02
2.034384768389100456e-02
2.025411000604146472e-02
2.016483277415593786e-02
2.007601382736148160e-02
1.998765100823034213e-02
1.989974216303946886e-02
1.981228514201477039e-02
1.972527779956135055e-02
1.963871799447988384e-02
1.955260359017070571e-02
1.946693245482486456e-02
1.938170246160453650e-02
1.929691148881155019e-02
1.921255742004615574e-02
1.912863814435540252e-02
1.904515155637250684e-02
1.896209555644731704e-02
1.887946805076803902e-02
1.879741818846735607e-02
1.871607342463953855e-02
1.863514419125257907e-02
1.855462851224743553e-02
1.847452441654483593e-02
1.839482993814800516e-02
1.831554311623964648e-02
1.823666199527276821e-02
1.815818462505642064e-02
1.808010906083580560e-02
1.800243336336789998e-02
1.792515559899219429e-02
1.784827383969697298e-02
1.777178616318202120e-02
1.769569065291644316e-02
1.761998539819402410e-02
1.754466849418409927e-02
1.746973804197973421e-02
1.739519214864276159e-02
