2.465631694836583898e-01
2.471174228451875343e-01
2.480660788084842749e-01
2.501757742384825289e-01
2.469436392153889215e-01
2.552038619159362476e-01
2.795239664187333384e-01
3.151382867627341988e-01
3.040445648694226621e-01
2.998006078853552303e-01
3.094215277703199485e-01
4.244684803389959238e-01
4.662108325977836198e-01
4.560529846305991231e-01
4.375612803466680800e-01
4.151867096215520747e-01
4.483043157441378157e-01
4.282247474377141594e-01
4.281257186969986694e-01
4.458721715048960532e-01
4.815471472969421463e-01
4.888800096202405299e-01
4.577138637724397219e-01
5.355503060744316590e-01
6.865082878819588341e-01
7.936531216342117556e-01
8.649671139400425535e-01
9.094764328357649585e-01
9.079261615495221038e-01
8.550207309310586812e-01
7.671624107718888474e-01
6.970651618983464415e-01
7.109311423602089342e-01
7.830631410532826742e-01
8.527086914670590767e-01
8.916472136599261633e-01
9.008545820283350158e-01
8.910484169351048367e-01
8.638700672199293162e-01
8.132585136078323007e-01
7.381918874745693193e-01
6.430550269078461056e-01
5.626691637137567481e-01
5.652970878483566386e-01
5.637058699633488157e-01
5.574856260347715864e-01
5.420678545773675028e-01
5.128092429193791268e-01
4.726684405805092193e-01
4.609550070876718419e-01
4.960497679966014983e-01
5.130741696447732592e-01
5.145955322421102984e-01
5.052933790292061245e-01
4.896211264096491655e-01
4.721954784637130698e-01
4.557640421943464082e-01
4.421777020498948718e-01
4.323180650441257322e-01
4.268609791123796349e-01
4.258056858199291694e-01
4.289150925187112939e-01
4.343815507956154121e-01
4.405804748300388707e-01
4.461865883388128062e-01
4.502414677306013635e-01
4.519550034303841390e-01
4.508078846050951327e-01
4.458783675819734671e-01
4.376277990058566325e-01
4.265090315955424316e-01
4.140918000419636091e-01
4.021203184424289589e-01
3.919472745314547257e-01
3.842107682656474843e-01
3.788372738208763968e-01
3.753445522164620130e-01
3.730977599973894776e-01
3.714228669910260572e-01
3.702882964276299482e-01
3.726414441474371619e-01
3.749626047460976053e-01
3.774347941739043533e-01
3.801046171657370687e-01
3.829775014229966912e-01
3.860567864169823782e-01
3.893103519220391107e-01
3.926837203936599519e-01
3.961089436821533249e-01
3.995069878185533163e-01
4.028012843502869478e-01
4.060462139082166022e-01
4.090192200172533821e-01
4.117691001193472533e-01
4.142111931466669894e-01
4.162587878299874866e-01
4.178795580081942074e-01
4.190295634382856238e-01
4.195433268962369122e-01
4.193006996800285324e-01
4.182148564049485429e-01
4.160175913301146222e-01
4.126679794179050620e-01
4.144014948737985704e-01
4.164799129491111307e-01
4.212339632376059240e-01
4.253977971169119465e-01
4.290428590145125565e-01
4.322955779679978905e-01
4.351949556691427912e-01
4.377785633514605368e-01
4.400984621910669081e-01
4.422221476733969592e-01
4.442085845513500386e-01
4.460211660826641222e-01
4.476677082465915780e-01
4.492191767355597776e-01
4.506287477750015036e-01
4.518575079326765387e-01
4.530119257459780946e-01
4.539591420674743416e-01
4.548233073741367871e-01
4.555127555452452293e-01
4.560820107943353574e-01
4.565655628379139963e-01
4.569445854289188591e-01
4.572321776740502774e-01
4.574194825128917175e-01
4.574756035704734547e-01
4.574278869867193786e-01
4.571680533499219989e-01
4.567092631402851488e-01
4.560041202560501383e-01
4.550882769326197175e-01
4.538898200380347969e-01
4.524295980290333197e-01
4.507482894193249878e-01
4.487898561104051720e-01
4.465579378561375101e-01
4.440554671780356233e-01
4.413081239183075932e-01
4.383140692845939324e-01
4.350505683799086309e-01
4.315194839413981076e-01
4.277231191300484570e-01
4.236646305592882689e-01
4.193484225459240267e-01
4.147804742703020131e-01
4.099685709327519079e-01
4.049224164972883844e-01
3.996536331015203558e-01
3.941756656898456335e-01
3.885036115075707341e-01
3.826540050445493280e-01
3.766446084813160899e-01
3.704942034616849345e-01
3.642223915215204721e-01
3.578494795332142209e-01
3.513964409817418311e-01
3.448849060723328530e-01
3.383371379467016160e-01
3.317759090494563079e-01
3.252242831491247710e-01
3.187053257700813713e-01
3.122417538760721145e-01
3.058555723471514387e-01
2.996052114159618585e-01
2.935012984823760496e-01
2.904929837931353731e-01
2.907654126070242095e-01
2.909679216111710764e-01
2.910763887668547101e-01
2.910723292999404799e-01
2.909350178472198678e-01
2.906630338989658613e-01
2.902592204419231492e-01
2.897305641068198545e-01
2.890869513265195700e-01
2.883395575736489302e-01
2.874998900683462533e-01
2.865795409235311064e-01
2.855900072126442701e-01
2.845461992496370884e-01
2.834728337925883079e-01
2.823661287414096499e-01
2.812475952455950057e-01
2.801315917922995169e-01
2.790209630912544592e-01
2.779146979673062789e-01
2.768234108902796753e-01
2.757182754625394083e-01
2.746131325410717250e-01
2.734669234612271405e-01
2.722700434769230737e-01
2.710165276353709851e-01
2.696808432442423520e-01
2.682515645739511623e-01
2.667228726481319367e-01
2.650933829839224321e-01
2.633493747468554913e-01
2.614859468600463366e-01
2.595130137889029576e-01
2.574346258311178137e-01
2.552415661397407498e-01
2.529524844667756511e-01
2.505765769259431508e-01
2.481136683994878411e-01
2.455776629190655758e-01
2.429844169118267894e-01
2.403490855600129150e-01
2.376798110378737228e-01
2.349960681562349718e-01
2.323067244336624593e-01
2.296178306091211097e-01
2.269323812862276968e-01
2.242499827450294692e-01
2.215684138040393547e-01
2.188809182165989686e-01
2.161827851889574770e-01
2.134667608179132425e-01
2.107276364663303314e-01
2.079714709063680556e-01
2.051997760876639321e-01
2.024064035396853367e-01
1.996079035719068029e-01
1.967920386516357756e-01
1.939770459163832339e-01
1.911543744609596196e-01
1.883361111826102330e-01
1.855220546556619610e-01
1.827147235842890294e-01
1.799241156211122405e-01
1.771438277535077876e-01
1.743918367529927738e-01
1.716582632337958769e-01
1.689607980069698923e-01
1.662969421277538662e-01
1.636746634624737518e-01
1.611037013788371164e-01
1.585923144452516254e-01
1.561468250735150443e-01
1.537768140599134747e-01
1.514878243851683071e-01
1.492861813033224128e-01
1.471727807567569934e-01
1.451439822983588701e-01
1.431894001939661987e-01
1.412952915695346590e-01
1.394503693135490385e-01
1.376450955712232582e-01
1.358700560888913833e-01
1.341232845344105251e-01
1.323987182856313227e-01
1.306973492111963286e-01
1.290125957856115835e-01
1.273476988635860452e-01
1.257015735772611942e-01
1.240707394318631418e-01
1.224550730868488452e-01
1.208544376125577080e-01
1.192708641042978385e-01
1.177027337240682814e-01
1.161487984129403878e-01
1.146090197596561500e-01
1.130833902992273710e-01
1.115719367567552245e-01
1.100747218671368072e-01
1.085918441513842175e-01
1.071234340490467007e-01
1.056714474006300447e-01
1.042351488465096954e-01
1.028140393604996816e-01
1.014083190290143155e-01
1.000181540007256537e-01
9.864603512966751975e-02
9.729115509469186962e-02
9.595195708709100546e-02
9.462921303012410135e-02
9.332506088040101733e-02
9.203612162044286227e-02
9.076274183349079816e-02
8.950777648007245124e-02
8.827601112177632658e-02
8.717076321856925825e-02
8.608064522300322430e-02
8.500153005926421035e-02
8.393401846828775492e-02
8.288033328676151779e-02
8.183685004530116824e-02
8.080581290358687663e-02
7.978699113767595552e-02
7.877839239829848017e-02
7.778199612389849471e-02
7.679727072140261901e-02
7.582261348287883118e-02
7.485937636617077950e-02
7.390772377973936491e-02
7.296577312212997046e-02
7.203452412761647550e-02
7.111460674368638712e-02
7.020384464666032387e-02
6.930367899695676071e-02
6.841393447739119171e-02
6.753271570578300853e-02
6.666294836407433977e-02
6.580177331692468878e-02
6.495028410038553024e-02
6.411740435340668176e-02
6.347794100247530769e-02
6.370777142720662756e-02
6.391908254334580097e-02
6.411211197459495970e-02
6.428785425856081703e-02
6.444678940453052451e-02
6.458884072185691605e-02
6.471426001284340257e-02
6.482329933849088899e-02
6.491639447510960670e-02
6.499418062386046191e-02
6.505741550401444862e-02
6.510689107907760564e-02
6.514333394407109679e-02
6.516722013837369931e-02
6.517859021201395653e-02
6.517698390076327730e-02
6.516195409159365737e-02
6.513411177825877141e-02
6.509074306188347703e-02
6.503482822511226502e-02
6.496358541817834342e-02
6.487791595448542947e-02
6.477950482500889617e-02
6.466710586891023793e-02
6.454128664044185559e-02
6.440261740701824777e-02
6.425167057240346868e-02
6.408902145887136748e-02
6.391524995926715913e-02
6.373094087569733390e-02
6.353668406579961181e-02
6.333307525246703595e-02
6.312071493844026437e-02
6.290020811299883163e-02
6.267216331576397348e-02
6.243712204796491444e-02
6.219564893741811457e-02
6.194829353607784334e-02
6.169559271680168794e-02
6.143807342221607737e-02
6.117625595054806270e-02
6.091065515195957097e-02
6.064178061313065665e-02
6.037013804668239086e-02
6.009623065474808956e-02
5.982055713925464591e-02
5.954360625861972872e-02
5.926585199740595777e-02
5.898775055720047872e-02
5.871007773565048438e-02
5.843396453443377297e-02
5.815885289628893590e-02
5.788614484436967883e-02
5.761592651927136682e-02
5.734915970652326028e-02
5.708544013213540796e-02
5.682592783884422849e-02
5.657002893739054850e-02
5.631749696009495654e-02
5.606933300132387055e-02
5.582414939085956346e-02
5.558281087053584119e-02
5.534430895259204869e-02
5.510942267159298080e-02
5.487697680551660573e-02
5.464794105709890049e-02
5.442162519859584241e-02
5.419786216892637232e-02
5.397783335508545693e-02
5.376047236798128792e-02
5.354665861652201098e-02
5.333623992106933942e-02
5.312961115217138680e-02
5.292665745464502497e-02
5.272827567946793137e-02
5.253402715449372040e-02
5.234406532530783140e-02
5.215872803460117058e-02
5.197726352275535561e-02
5.179921152202668355e-02
5.162449289449639461e-02
5.145270741323428043e-02
5.128329250898481378e-02
5.111635038494305450e-02
5.095194128744907208e-02
5.078951767815665513e-02
5.062899771419121508e-02
5.047030355803767965e-02
5.072386961322923604e-02
5.097630392201014937e-02
5.121856309676466740e-02
5.145065978634168896e-02
5.167262772993461845e-02
5.188584210984028416e-02
5.208949221600962104e-02
5.228331711184673602e-02
5.246744182057604816e-02
5.264380227660623440e-02
5.281068205603169086e-02
5.296818362555281295e-02
5.311750712164631932e-02
5.325863636032659304e-02
5.339074916245527269e-02
5.351436423980313051e-02
5.363088616129665226e-02
5.373874172654765496e-02
5.383804483630143939e-02
5.393090629969095329e-02
5.401560105109518006e-02
5.409213117081675820e-02
5.416204115315988166e-02
5.422473134257749933e-02
5.427972765655237480e-02
5.432771515656871497e-02
5.436970719090275517e-02
5.440458256015016925e-02
5.443262712788361074e-02
5.445438446688297129e-02
5.447074034252315927e-02
5.448099430359751999e-02
5.448549463118805558e-02
5.448460094621662697e-02
5.447867918329725445e-02
5.446809670341887233e-02
5.445321767323240553e-02
5.443439805179462604e-02
5.441301080238509363e-02
5.438884072632104577e-02
5.436372730355247540e-02
5.433811370503402460e-02
5.431306547861159545e-02
5.428905972303504218e-02
5.426544790139212204e-02
5.424160486824049915e-02
5.421677002330173301e-02
5.419104986687843517e-02
5.416316983862486806e-02
5.413325391830096922e-02
5.410055002291119797e-02
5.406563305034232242e-02
5.402749400926215584e-02
5.398610476134837327e-02
5.394228392311039427e-02
5.389523320969592801e-02
5.384497678034676910e-02
5.379192471153913108e-02
5.373661507073793780e-02
5.367853154511605801e-02
5.361914263578303891e-02
5.355817545474896024e-02
5.349676200642050627e-02
5.343595258280541688e-02
5.337693246581386858e-02
5.332210792566802193e-02
5.327414574283356047e-02
5.323720775767130931e-02
5.321803349863629684e-02
5.321102295916273900e-02
5.320890042761614036e-02
5.320919053916849800e-02
5.321082921315518216e-02
5.321455662832946798e-02
5.322104327209001284e-02
5.323182179933460406e-02
5.324760862505104747e-02
5.326760326984292943e-02
5.329039376754036994e-02
5.331412304276028635e-02
5.333750154956681117e-02
5.335956571632110429e-02
5.337955043227374935e-02
5.339776441739851193e-02
5.341296764265369285e-02
5.342603963352325624e-02
5.343599979387821802e-02
5.344318831623567218e-02
5.344772094550936936e-02
5.344907559590555968e-02
5.344812213236911635e-02
5.344430872975641789e-02
5.343800909750887757e-02
5.342939545326209905e-02
5.341832231204111242e-02
5.340515722381688341e-02
5.338954552078169213e-02
5.337190236495662626e-02
5.335166685501126216e-02
5.332947213764365618e-02
5.330444391325754594e-02
5.327735151702608918e-02
5.324754264250365632e-02
5.321484345922121439e-02
5.318006877944342348e-02
5.314238637625783718e-02
5.310181563500199209e-02
5.305898829437414449e-02
5.301351339001282581e-02
5.296525939678115719e-02
5.291481598955799504e-02
5.286199393437810562e-02
5.280654217205361933e-02
5.274925206580402537e-02
5.268956085824876012e-02
5.262763304334754783e-02
5.256391895252814084e-02
5.249777648523820672e-02
5.242995873694334535e-02
5.235987987553208239e-02
5.228748112979523383e-02
5.221331529926157705e-02
5.213667164572203389e-02
5.205755218692003500e-02
5.197655467206784702e-02
5.189320946902378079e-02
5.180746512000360127e-02
5.171974607463244306e-02
5.163013938944211595e-02
5.153833070982425518e-02
5.144503821995223547e-02
5.134990438410910046e-02
5.125323722849266933e-02
5.115514185344516296e-02
5.105575675326078089e-02
5.095506243318134731e-02
5.085362307008127469e-02
5.075114279142730472e-02
5.064785969087116924e-02
5.054424245997000270e-02
5.043996912549577466e-02
5.033483601756917614e-02
5.022884925054325878e-02
5.012189233314822551e-02
5.001349478669939175e-02
4.990390311736653955e-02
4.979270010358910481e-02
4.967959286119945361e-02
4.956512231159867360e-02
4.944863941735466728e-02
4.933009677733143916e-02
4.920947508137784449e-02
4.908681462290308967e-02
4.896231890540140436e-02
4.883569033564680306e-02
4.870693501383054069e-02
4.857606343632438206e-02
4.844308937195467707e-02
4.830802724647476065e-02
4.817088982292126037e-02
4.803168727981665248e-02
4.789042694136579070e-02
4.774711309253908825e-02
4.760174726879908697e-02
4.745432932081333766e-02
4.730485892310526408e-02
4.715333681729064891e-02
4.699976564182625077e-02
4.684415058952062089e-02
4.668650012720149123e-02
4.652682715814827896e-02
4.636515046365982662e-02
4.620149580917710247e-02
4.603589619354715029e-02
4.586839148886755896e-02
4.569902756122944804e-02
4.552785466076469251e-02
4.535492569618652242e-02
4.518029491740754161e-02
4.500401751501215825e-02
4.482615026176801215e-02
4.464675228750628749e-02
4.446588510405959094e-02
4.428361197168596136e-02
4.409999713294159018e-02
4.391510513508612573e-02
4.372900045593629964e-02
4.354174793041840769e-02
4.335341417379669909e-02
4.316418197403886631e-02
4.297429948379007103e-02
4.278361375025760416e-02
4.259222686782335177e-02
4.240083683510559309e-02
4.220905361591666127e-02
4.201756303658495811e-02
4.182646623881514786e-02
4.163605243045091081e-02
4.144665209613666162e-02
4.125880872466583527e-02
4.107265914043452953e-02
4.088869775321551242e-02
