3.249314107397183182e-01
3.289643909169943647e-01
3.332308010878033966e-01
3.569748319970342254e-01
3.611117003924339541e-01
4.048706295109621989e-01
4.054435086016541789e-01
4.814796918645755097e-01
5.447682974394183475e-01
4.764888609473949543e-01
4.691680004468026799e-01
5.736285482497628374e-01
7.821715664662384215e-01
7.554463923580231333e-01
6.982934543771409652e-01
7.562236292238021518e-01
8.100121611096745555e-01
9.899265399535994714e-01
1.109311331821477342e+00
1.109371028410345517e+00
1.010457844743175349e+00
8.672316607397181354e-01
1.000643552771992129e+00
1.134611604661044160e+00
1.192531757469040166e+00
1.246915922582283676e+00
1.205444503569964576e+00
1.180821370007926197e+00
1.238269903218443435e+00
1.245625708922826869e+00
1.222043190722286843e+00
1.247318829762374737e+00
1.252185982625531713e+00
1.208801311143018475e+00
1.142659615293456721e+00
1.125531880467345980e+00
1.076815763983079544e+00
9.876898219471131890e-01
9.167043190960494359e-01
8.964073606231730551e-01
8.883475922775596612e-01
8.338493589008546536e-01
7.418807339325901307e-01
7.450919016282937513e-01
7.430398222712636391e-01
7.621316199414303050e-01
7.976114544192385303e-01
8.380978479890680566e-01
8.635422394924668898e-01
8.599811760553564000e-01
8.237254070993121902e-01
7.915685110633183807e-01
8.678065403249710652e-01
8.845030227726229377e-01
8.409077302591125846e-01
7.560545204632537208e-01
6.568068985156505502e-01
5.651462866257302986e-01
5.266309858582817194e-01
5.134613701131980346e-01
4.980712032764872954e-01
4.798083730128982483e-01
4.585683425576987382e-01
4.343673894927108092e-01
4.076468741480366864e-01
4.257549346643990651e-01
4.592265917013234611e-01
4.853290829964713726e-01
5.039839941917874100e-01
5.144949527385556109e-01
5.157609117416238620e-01
5.068006772544029204e-01
4.882952553518389305e-01
4.627352206575859883e-01
4.358012439480382083e-01
4.392936583458559308e-01
4.510825397773107759e-01
4.674307579786653455e-01
4.846952937033863207e-01
5.008389265026174098e-01
5.150161705323624828e-01
5.264752428399915862e-01
5.338680147180873137e-01
5.354732799817183420e-01
5.294895234096994585e-01
5.142852307444422122e-01
4.886554170173064704e-01
4.526996764840440779e-01
4.080656114937062373e-01
3.690488193038792275e-01
3.424550036977226930e-01
3.224564072194859299e-01
3.052109590669813688e-01
2.850664602859362406e-01
2.635785762886821981e-01
2.427558121387906054e-01
2.327213022165959821e-01
2.331367428986209633e-01
2.312159343249260146e-01
2.270869724479432639e-01
2.209781809950032982e-01
2.132897070276628948e-01
2.044452617576748010e-01
1.948125622557788372e-01
1.893114812691595039e-01
1.925866128743164707e-01
2.009766930525177520e-01
2.082247265408654902e-01
2.139221880779173801e-01
2.177701744463852174e-01
2.240938242551720472e-01
2.302271947408215946e-01
2.345902871558330494e-01
2.371416013211901652e-01
2.379524368302763093e-01
2.371113516507448726e-01
2.348084097491451583e-01
2.312154686453479491e-01
2.265739114989201997e-01
2.210479302092555887e-01
2.148074088794262593e-01
2.079776875122645585e-01
2.006377545245123240e-01
1.928708714910923328e-01
1.847784614982306006e-01
1.764831786236311373e-01
1.681417146228119386e-01
1.608983450137004556e-01
1.653149481164962187e-01
1.698436020161806226e-01
1.736530496425322534e-01
1.764603545900057524e-01
1.782143069539859903e-01
1.788997778784320314e-01
1.790813906622006624e-01
1.782912664841000971e-01
1.767283405919491124e-01
1.759723928223498601e-01
1.742774440404152025e-01
1.716222811067958653e-01
1.681160243840088553e-01
1.638835064317575863e-01
1.590816664905054800e-01
1.539816364801752935e-01
1.488163596439390224e-01
1.437286618322513310e-01
1.387994092934021484e-01
1.340443033260513006e-01
1.298199133274172412e-01
1.287910656220217220e-01
1.283117104862657454e-01
1.282989532859010184e-01
1.286618142075644511e-01
1.293112473911633142e-01
1.301615243205097305e-01
1.311382000278542015e-01
1.321749311344755096e-01
1.332172642849370203e-01
1.342339567832444014e-01
1.352172140326476646e-01
1.361735954159804252e-01
1.370632167164884951e-01
1.377915254428083991e-01
1.382996829164361563e-01
1.385637159576098842e-01
1.385928782638615742e-01
1.384002695348192646e-01
1.380089974737052638e-01
1.374411667579724938e-01
1.367179125333071732e-01
1.358726742267352405e-01
1.349373006423787991e-01
1.339291813263927267e-01
1.328590018945320084e-01
1.317398568780883128e-01
1.305711146601876149e-01
1.293495835926115334e-01
1.280839617091205362e-01
1.267928663108592868e-01
1.254815841285356892e-01
1.241193962303348969e-01
1.226819100976268145e-01
1.211588550270246145e-01
1.195456418008819521e-01
1.178392134237930960e-01
1.160339496443188040e-01
1.141281061989450202e-01
1.121175345811070423e-01
1.099943497153518523e-01
1.077557081807948847e-01
1.054076384156246993e-01
1.029602589948880320e-01
1.004150935874765782e-01
9.777318841487264711e-02
9.504968415256780101e-02
9.226250893701193334e-02
8.943791466031936199e-02
8.660343316027276084e-02
8.378620199585670725e-02
8.101160662122994238e-02
7.830648201211465320e-02
7.568867903075121584e-02
7.317599530454782508e-02
7.078168775986902472e-02
6.851420289293851107e-02
6.687045341272865318e-02
6.573751319435831852e-02
6.461215784900109504e-02
6.350539871409877080e-02
6.242356806559361260e-02
6.148146679837048628e-02
6.108310004787937536e-02
6.067599286682230642e-02
6.027607707162396106e-02
5.990323242053513519e-02
5.955981488121819128e-02
5.921856617728723376e-02
5.887458743557887758e-02
5.852761623432962274e-02
5.817330860555551542e-02
5.780971733821432812e-02
5.743694310418832882e-02
5.705689391606322269e-02
5.667070412795714718e-02
5.627997682200696489e-02
5.588394660060195390e-02
5.548327469402682122e-02
5.507824212044502843e-02
5.466926227575245184e-02
5.425727141373874046e-02
5.384360495613339792e-02
5.342900576431038745e-02
5.301295118348015034e-02
5.259332446199079664e-02
5.216794560641366263e-02
5.173331490380819742e-02
5.128604554335338545e-02
5.082491556350595546e-02
5.034637648025615947e-02
4.984936204368289880e-02
4.933190088423597408e-02
4.879286773138064026e-02
4.823044006440441872e-02
4.764444915887394022e-02
4.703255462848458107e-02
4.639573282464778958e-02
4.573199628452080667e-02
4.504215082961322142e-02
4.432580538182722546e-02
4.358400811068174896e-02
4.281733237465804032e-02
4.202796651336795919e-02
4.145125628135398060e-02
4.153180538068805550e-02
4.163256713810076920e-02
4.175216902737199226e-02
4.188847628309867732e-02
4.203951227591835871e-02
4.220332125434550496e-02
4.237790655550699448e-02
4.256125829069186406e-02
4.275138261663656569e-02
4.294650790275884172e-02
4.314495904160583345e-02
4.334470773765522478e-02
4.354411254808129850e-02
4.374253612887050308e-02
4.393793752844760842e-02
4.412986757105132746e-02
4.431713186410566468e-02
4.449951928677857438e-02
4.467606387583689803e-02
4.484738003278150587e-02
4.501264837162175653e-02
4.517243871046289216e-02
4.532720745355468123e-02
4.547711268363364978e-02
4.562290268278264976e-02
4.576553084555848305e-02
4.590581532609387672e-02
4.604457203510750607e-02
4.618283832810490819e-02
4.632161366862357771e-02
4.646164535151806052e-02
4.660373139309901408e-02
4.674894309851091584e-02
4.689795268743321421e-02
4.705197175154889749e-02
4.721204130616863531e-02
4.737981743892406145e-02
4.755641966486097438e-02
4.774049163104358146e-02
4.792981399474600251e-02
4.812341310166732417e-02
4.832034537100062671e-02
4.851964398815993007e-02
4.872041799860425682e-02
4.892168092728198248e-02
4.912286835483298253e-02
4.932241102035388181e-02
4.951936573113673024e-02
4.971266669553146139e-02
4.990103166836751258e-02
5.008280944266187140e-02
5.025700838512057317e-02
5.042180772475113315e-02
5.057596306695699012e-02
5.071848656448185722e-02
5.084831679386060677e-02
5.096424329440460421e-02
5.106507825996318972e-02
5.114962463179213714e-02
5.121657076923820384e-02
5.126444394907399282e-02
5.129204751156461739e-02
5.129822646115344414e-02
5.128166945095639223e-02
5.124260402927632158e-02
5.117958084865073531e-02
5.109352111773522720e-02
5.098326696812396919e-02
5.084991607313372325e-02
5.069253533592288363e-02
5.051192917240676650e-02
5.030829738323634726e-02
5.008191668545870084e-02
4.983355176928987856e-02
4.956412388088501236e-02
4.927470350328057302e-02
4.896649640633614353e-02
4.864097330064348634e-02
4.829943805404075113e-02
4.794337387197546152e-02
4.757438579372969684e-02
4.719414254378619111e-02
4.680435982349836349e-02
4.640678643890602112e-02
4.600345399149127767e-02
4.559615330653692122e-02
4.518645356805969793e-02
4.477652439283005825e-02
4.476633511742265231e-02
4.487176227837785802e-02
4.494693247501322514e-02
4.499278671855620054e-02
4.501061872190451063e-02
4.500237371852702783e-02
4.496973633567639961e-02
4.491718085978272518e-02
4.485162479706622518e-02
4.477719051015558588e-02
4.469420684402036770e-02
4.460094248887110091e-02
4.449641597517389746e-02
4.438097996057388528e-02
4.425509954531677698e-02
4.411892772893372811e-02
4.397423364028257148e-02
4.382220227058503809e-02
4.366440944675337860e-02
4.350300413535608535e-02
4.334076210355503750e-02
4.318175163033248498e-02
4.302924952007600862e-02
4.288320373427430277e-02
4.274178109211924925e-02
4.260482360364867965e-02
4.247283545282725531e-02
4.234606689749866038e-02
4.222557758805224604e-02
4.211313455462925570e-02
4.201049240838215793e-02
4.191785793113663589e-02
4.183433956380010199e-02
4.175980376018964546e-02
4.169450593967912594e-02
4.165871118738303375e-02
4.178101758957341455e-02
4.196825108479958211e-02
4.217932231433389051e-02
4.239882523711241413e-02
4.262668383714116049e-02
4.286294146552994261e-02
4.310801048029760246e-02
4.336138113693354529e-02
4.362298744077094254e-02
4.389296696172459433e-02
4.417066958819423905e-02
4.445593850871793623e-02
4.474865456673069591e-02
4.504813020208621455e-02
4.535400257745247909e-02
4.566600015996509498e-02
4.598364818725516473e-02
4.630637962921110851e-02
4.663373972675489282e-02
4.696525373751749693e-02
4.730042468517402926e-02
4.763893684892715752e-02
4.798008218598015517e-02
4.832325644815092108e-02
4.866786916657132173e-02
4.901352603573732453e-02
4.935955386790072397e-02
4.970529333633299379e-02
5.005018192760558871e-02
5.039398615480509408e-02
5.073591859468768589e-02
5.107541306583176371e-02
5.141226993008317370e-02
5.174593410996879139e-02
5.207611363817819111e-02
5.240271657426624763e-02
5.272613669045317364e-02
5.304688774852330674e-02
5.336579302301287797e-02
5.368238452145705775e-02
5.399552436111375309e-02
5.430471846757537607e-02
5.460956472500522879e-02
5.491028698737020902e-02
5.520612076519809674e-02
5.549698022768220773e-02
5.578224712580003714e-02
5.606213625892501190e-02
5.633676355050867834e-02
5.660641449055021229e-02
5.687108314385008051e-02
5.713015860744000141e-02
5.738300147504443727e-02
5.762923144802499509e-02
5.786847895711443729e-02
5.810039519768967625e-02
5.832503915534850009e-02
5.854323055160974565e-02
5.875525943327940953e-02
5.896048569977221931e-02
5.915792149120759763e-02
5.934719118608495353e-02
5.952839190734660751e-02
5.970266285761619690e-02
5.987173254323811811e-02
6.003774072528170191e-02
6.020594228721753982e-02
6.037694443589680660e-02
6.055026285321920415e-02
6.072194873070971277e-02
6.088767595023111129e-02
6.104615622884814602e-02
6.119731685925777070e-02
6.134091138992352199e-02
6.147685424041144514e-02
6.160465804640857107e-02
6.172413630302917703e-02
6.183503913022420778e-02
6.193705070367433452e-02
6.202990305049018577e-02
6.211348316302210681e-02
6.218780956805967930e-02
6.225304653973950941e-02
6.230902394449950449e-02
6.235552625964568829e-02
6.239257958435139723e-02
6.242041623995438215e-02
6.243937530849141826e-02
6.244947363824691206e-02
6.245079145848049518e-02
6.244336335253088816e-02
6.242728780304481612e-02
6.240275122772523386e-02
6.237015429877735412e-02
6.232978108679747276e-02
6.228172408553139805e-02
6.222670123950196225e-02
6.216490370761514755e-02
6.209656417775284015e-02
6.202187669725137131e-02
6.194100162712389002e-02
6.185410324303984575e-02
6.176112565392723186e-02
6.166235789101767728e-02
6.155826549463033065e-02
6.144904295595648991e-02
6.133578623812425967e-02
6.122159872310987266e-02
6.110804346224410488e-02
6.099425726327329517e-02
6.087947585554130681e-02
6.076095360517214800e-02
6.063664851657615817e-02
6.050571467214549415e-02
6.036811234950701516e-02
6.022391813108381869e-02
6.007348161928835473e-02
5.991734992137523474e-02
5.975590756032084921e-02
5.958978659355115143e-02
5.941948433214001846e-02
5.941444247479140545e-02
5.943893041817733397e-02
5.945865550744056094e-02
5.947315342700762453e-02
5.948274786225249411e-02
5.948730590098131460e-02
5.948673689870551812e-02
5.948144312421050489e-02
5.947110831831013689e-02
5.945600516669661412e-02
5.943635360978561516e-02
5.941231994403278760e-02
5.938390726880483222e-02
5.935147020515212785e-02
5.931471678243702833e-02
5.927382173276783683e-02
5.922895370257440922e-02
5.918018609591445961e-02
5.912784963929599430e-02
5.907218671045264685e-02
5.901332531061861258e-02
5.895132194230359723e-02
5.888622990786331057e-02
5.881816509784048436e-02
5.874729953225919094e-02
5.867377974887698355e-02
5.859768021064692273e-02
5.851898762229967160e-02
5.843756640727946344e-02
5.835348182412748719e-02
5.826693187539196128e-02
5.817812614177648306e-02
5.808706943185077548e-02
5.799353991580424167e-02
5.789723870424363233e-02
5.779831948174601192e-02
5.769635716414435456e-02
5.759165494568051907e-02
5.748411319593201702e-02
5.737371145763416752e-02
5.726073658419428281e-02
5.714511003917987358e-02
5.702682886126336781e-02
5.690596304388995108e-02
5.678271458315524434e-02
5.665708625085692091e-02
5.652909516205612689e-02
5.639882648358923029e-02
5.626636954598410872e-02
5.613186185701627556e-02
5.599550061932265232e-02
5.585722641941454070e-02
5.571712663612580357e-02
5.557529330133455236e-02
5.543198703412259565e-02
5.528720099858234344e-02
5.514096040377031854e-02
5.499348592077237668e-02
5.484493688619561380e-02
5.469538788930214390e-02
5.454511378993093934e-02
5.439437795046130758e-02
5.424323401487583102e-02
5.409178624199686286e-02
5.394010154294884979e-02
5.378826760687387826e-02
5.363647581912140555e-02
5.348523707722170617e-02
5.333537867210844802e-02
5.318749194868720165e-02
5.304164350556115487e-02
5.289746682744596307e-02
5.275425880459747724e-02
5.261141839417710075e-02
5.246860524652394164e-02
5.232570036495464566e-02
5.218267803835236612e-02
5.203950178412293515e-02
5.189644491144133204e-02
5.175359688890102117e-02
5.161106200480763961e-02
5.146889290525547694e-02
5.132709709321839342e-02
5.118571459289312370e-02
5.104477899652443140e-02
5.090430457558341865e-02
5.076429847038083087e-02
5.062476020969574469e-02
5.048571573702250598e-02
5.034719793174270014e-02
5.020926602626996776e-02
5.007199040855501992e-02
4.993543683171214331e-02
4.979966776852060018e-02
4.966472875895776989e-02
4.953070226194393466e-02
4.939804553403467219e-02
4.926703026579974665e-02
4.913767634998381789e-02
4.901054733271911767e-02
4.888924358272635912e-02
