2.050264653148061167e-01
2.115637574115884212e-01
2.438881656896334238e-01
2.269086797941803624e-01
2.492326153112627007e-01
2.878886559732363182e-01
2.807264360103362555e-01
2.972140207255733468e-01
2.520957967185627480e-01
3.285111807709359955e-01
4.584654854749887209e-01
4.734272287229577825e-01
4.655067368089327307e-01
5.093853337943310411e-01
5.940443714517377183e-01
5.001403098666138414e-01
4.766890531913387519e-01
4.482067496725419820e-01
4.650476001287865979e-01
4.976194677323785287e-01
4.379710078851939969e-01
4.846228946404791960e-01
4.897363727317769477e-01
4.596937569209831875e-01
4.840406636637036852e-01
5.529105919017305304e-01
5.438506680468221388e-01
4.892910678339339459e-01
4.530185428389034707e-01
3.995318818308775666e-01
3.195248771069227889e-01
3.153184746640133040e-01
3.207284214154237367e-01
3.366589281682889623e-01
3.543470409885404737e-01
3.710299288993213485e-01
3.638712027001475557e-01
3.703854622689062293e-01
3.590618419505267611e-01
3.359518958638594288e-01
3.106699434557352868e-01
2.855019563285872142e-01
2.706415053342760557e-01
2.618335970984379535e-01
2.551930135243483111e-01
2.508207070100353375e-01
2.475620573877958808e-01
2.442556551771998818e-01
2.411531597076479738e-01
2.390425001674173211e-01
2.381174357816148446e-01
2.381876027828297993e-01
2.385296295242992914e-01
2.385146518228141443e-01
2.377312383390177697e-01
2.365717443121996832e-01
2.350028215658726827e-01
2.336231976852933823e-01
2.326202296176144435e-01
2.325423335743607156e-01
2.333871346493663901e-01
2.353583220385932762e-01
2.379223560330125664e-01
2.408046724582997289e-01
2.436996010221763043e-01
2.463789016842747592e-01
2.488123550293848685e-01
2.510131580796972073e-01
2.530629927138135504e-01
2.548966822613277783e-01
2.564790247842636539e-01
2.576707855340960585e-01
2.583573085335006958e-01
2.585138374672183992e-01
2.580859112172484982e-01
2.570117378587600809e-01
2.550103595439280890e-01
2.520286439228069941e-01
2.477701367214597272e-01
2.424517862646049238e-01
2.364636739873637317e-01
2.306577530047397850e-01
2.371102265307865331e-01
2.455382250241497089e-01
2.495687449036361749e-01
2.496109137263632649e-01
2.459801629512704535e-01
2.388903200377009151e-01
2.315895207614855900e-01
2.272007363082336195e-01
2.205910410111520392e-01
2.122303511745896876e-01
2.027599813998159917e-01
1.927048760130731231e-01
1.826459272668425338e-01
1.731347759630279259e-01
1.647187050810778597e-01
1.592529158339305861e-01
1.552453598995706674e-01
1.518457696809218105e-01
1.490244022981442595e-01
1.467395527633758023e-01
1.450194543340030395e-01
1.437262543587035923e-01
1.427731302494794907e-01
1.420505496986254612e-01
1.415457802032985823e-01
1.411357461088446341e-01
1.405365135972863611e-01
1.394428291572241685e-01
1.376850582582526406e-01
1.352363013370513622e-01
1.320997881369914417e-01
1.325124468715197790e-01
1.346450940580801170e-01
1.358327742613194833e-01
1.373807947506004157e-01
1.394497915911433739e-01
1.437719232271856273e-01
1.483991542055457802e-01
1.527740037342597279e-01
1.568711739639652436e-01
1.606706457736973848e-01
1.641584456974683193e-01
1.673256939784354969e-01
1.701666331078391659e-01
1.726771209909355176e-01
1.748546983510018415e-01
1.766999647152152908e-01
1.782176098536268627e-01
1.794158167208493304e-01
1.803045972427980148e-01
1.808944555939907828e-01
1.811959087758677200e-01
1.812195345335705365e-01
1.809761993140614755e-01
1.804920896392959995e-01
1.797676836165497116e-01
1.788135731808403739e-01
1.776423418559274214e-01
1.762694895946944895e-01
1.747506188999530530e-01
1.730831892737840216e-01
1.713477366881057951e-01
1.696372449109261327e-01
1.681643543344687464e-01
1.668885952847832532e-01
1.657435420300364115e-01
1.646089845882480196e-01
1.634011746245843111e-01
1.620867951769868198e-01
1.606814176323062004e-01
1.591474810537798490e-01
1.575127242329789623e-01
1.557540291230142537e-01
1.538708678375829420e-01
1.518687313885116463e-01
1.497564059801857750e-01
1.475582202361901685e-01
1.452809936280546887e-01
1.429368759961011925e-01
1.405586317993814949e-01
1.402807312104776827e-01
1.421961706405373560e-01
1.438246659369190883e-01
1.451419394872994761e-01
1.461894442616215317e-01
1.469745793671948519e-01
1.475018189531104307e-01
1.477535379542956051e-01
1.477146800253938408e-01
1.474235496797067779e-01
1.469079091297954553e-01
1.462207956951215304e-01
1.454444279906985937e-01
1.447329346914131842e-01
1.444196162077666101e-01
1.440317743460955424e-01
1.434391400896813107e-01
1.426197938408583221e-01
1.415902121318340368e-01
1.403655621217542171e-01
1.389530093111069065e-01
1.373703423470609142e-01
1.356520950008272552e-01
1.338405462691439340e-01
1.319395022085512459e-01
1.299485027641826551e-01
1.278648354694129630e-01
1.256913660702879132e-01
1.234466926852492014e-01
1.211354857051959860e-01
1.187766099273925430e-01
1.163782264996584270e-01
1.139517660124627907e-01
1.115160517489381109e-01
1.094286541657028267e-01
1.075626328482836847e-01
1.056862288345472856e-01
1.038199294284788965e-01
1.019716827525186942e-01
1.001591682383943527e-01
9.840176705677222690e-02
9.671509438509623413e-02
9.510786991109015931e-02
9.358949667268545713e-02
9.217382371687617149e-02
9.086706878280900734e-02
8.968001696799525468e-02
8.861731002767946064e-02
8.769300032937177303e-02
8.690490681312559862e-02
8.625635237417440815e-02
8.574830417468148891e-02
8.537954455634121087e-02
8.514686911817828663e-02
8.504655090537743822e-02
8.507162940960412423e-02
8.521381476869493987e-02
8.546440915203468158e-02
8.581385178431139016e-02
8.625193454628704570e-02
8.676873998495834850e-02
8.735811557043213216e-02
8.800455979141097451e-02
8.870067644235751780e-02
8.943804643782932162e-02
9.020800345183750679e-02
9.100196035051151544e-02
9.181439759183111782e-02
9.263939933068661425e-02
9.347102458360875832e-02
9.430345387190114392e-02
9.513087605963611859e-02
9.594741412522135582e-02
9.674723281497550620e-02
9.752529976480518725e-02
9.827865663810891883e-02
9.900283742175956803e-02
9.969773247448308895e-02
1.003669244207170824e-01
1.010061285778640489e-01
1.016053493121429618e-01
1.021616692303513874e-01
1.026742165768763787e-01
1.031368239075390880e-01
1.035550371467053032e-01
1.039213517386041313e-01
1.042421747255637687e-01
1.045101890991468052e-01
1.047304667151571639e-01
1.048933309842616513e-01
1.050039905556410108e-01
1.050563252123660751e-01
1.050504438724335493e-01
1.049936155946643995e-01
1.048810142746515878e-01
1.047238928334645047e-01
1.045204799208236113e-01
1.042753695489326005e-01
1.039930193919690743e-01
1.036724377480111869e-01
1.033075854297586527e-01
1.029055219420843964e-01
1.024602494829020549e-01
1.019729991169506522e-01
1.014456895018907567e-01
1.008766099391150278e-01
1.002677787379767926e-01
9.962291847362769737e-02
9.894469746615761063e-02
9.823658350185378307e-02
9.750259929715483775e-02
9.674539958781734617e-02
9.611458782894138908e-02
9.608657184593934197e-02
9.600095863542458530e-02
9.586067682122570432e-02
9.567973757004009927e-02
9.546093529326749039e-02
9.522185148938454302e-02
9.497834046669853536e-02
9.472099450854942759e-02
9.443829444381800220e-02
9.412338620782717546e-02
9.377490460537071804e-02
9.339348568845180776e-02
9.298195055990174374e-02
9.254503572281801149e-02
9.208806604362063108e-02
9.162151530706093283e-02
9.115966841588379888e-02
9.071567255686344144e-02
9.029486825018423479e-02
8.989657570097724093e-02
8.951902133562988917e-02
8.914570370472869876e-02
8.876632024994390857e-02
8.837128650077936964e-02
8.796440438799994765e-02
8.754362611852395393e-02
8.711185289174543100e-02
8.667214856629221198e-02
8.622763534019610432e-02
8.578340519891679283e-02
8.534139022495772220e-02
8.490384531109385069e-02
8.447525273147049596e-02
8.406210742906512767e-02
8.367239320924549362e-02
8.332223174750109929e-02
8.304274571467847033e-02
8.280403076112646810e-02
8.258881267562498407e-02
8.239433715397599667e-02
8.221606526928267045e-02
8.205411229824367825e-02
8.191039894944696087e-02
8.178340381925951197e-02
8.167361854144715438e-02
8.158142832887421703e-02
8.150705131677515869e-02
8.145177072943121654e-02
8.141565980533264912e-02
8.149129551784742298e-02
8.169913101330023020e-02
8.193709071563734514e-02
8.217090351893742428e-02
8.239939922434720565e-02
8.262299930676988979e-02
8.284003139337701993e-02
8.304970084096416350e-02
8.325186746931037551e-02
8.344497945423474949e-02
8.362873840853012053e-02
8.380591825062826128e-02
8.397435117706220087e-02
8.413490793005505564e-02
8.428822716841014029e-02
8.443442969008135845e-02
8.457439779119071965e-02
8.470736920238347567e-02
8.483314202060794618e-02
8.495185856285282500e-02
8.519049327088469570e-02
8.550268344499065143e-02
8.581152628205324095e-02
8.641184012505991052e-02
8.728156045284604647e-02
8.815755694433956291e-02
8.903802732320462154e-02
8.992201739394541093e-02
9.080859735721298620e-02
9.169686283061131982e-02
9.258593570040730969e-02
9.347496480980450884e-02
9.436312649025151156e-02
9.525069660925976345e-02
9.613607115197383979e-02
9.701849173258933479e-02
9.789830509809767378e-02
9.877459780954962743e-02
9.964707751947350645e-02
1.005153587384053498e-01
1.013797208537076805e-01
1.022391047955822918e-01
1.030935501043925978e-01
1.039433137119367689e-01
1.047870885340021624e-01
1.056247955814045014e-01
1.064569532927910345e-01
1.072817499571177419e-01
1.081002476690455932e-01
1.089115020185097704e-01
1.097147214625464745e-01
1.105115437139340823e-01
1.112996168355249865e-01
1.120801943307348503e-01
1.128529143452877137e-01
1.136165062737530540e-01
1.143728565285033333e-01
1.151203640264861217e-01
1.158583228611897165e-01
1.165890879470044134e-01
1.173100566197223388e-01
1.180213840036496153e-01
1.187246068072048272e-01
1.194167164168862399e-01
1.201005015476958732e-01
1.207732511194983677e-01
1.214362743733004985e-01
1.220888068605826965e-01
1.227305755664041681e-01
1.233622681601537902e-01
1.239823266098209059e-01
1.245929336218224159e-01
1.251908574581518385e-01
1.257805784355006118e-01
1.263582394898945527e-01
1.269254331113410239e-01
1.274838958648440157e-01
1.280325158617045544e-01
1.285722286229638578e-01
1.291035762137413834e-01
1.296267840536075022e-01
1.301419556275719425e-01
1.306491723691968199e-01
1.311484689245218105e-01
1.316398125670807384e-01
1.321236656952863020e-01
1.325997139257261981e-01
1.330681404412088764e-01
1.335292451129961866e-01
1.339832709341054751e-01
1.344323492907725237e-01
1.348752883859548612e-01
1.353149327401632074e-01
1.357479718558670390e-01
1.361733719699161904e-01
1.365900710153552244e-01
1.369974545216686712e-01
1.373955525142460943e-01
1.377848188469998625e-01
1.381657220084675508e-01
1.385389726332016402e-01
1.389046416658255012e-01
1.392625348776234395e-01
1.396129074909840673e-01
1.399559078444982674e-01
1.402924732849853418e-01
1.406210368480970974e-01
1.409408744420581061e-01
1.412516819649131949e-01
1.415535233409147275e-01
1.418468352250980835e-01
1.421322240615483790e-01
1.424101690054693781e-01
1.426814160878717708e-01
1.429458850904022360e-01
1.432023272844999973e-01
1.434503985932543690e-01
1.436897298393692013e-01
1.439199469710380486e-01
1.441407289252008561e-01
1.443518891823191153e-01
1.445534148405782648e-01
1.447457603764922274e-01
1.449291322225648992e-01
1.451030390345623422e-01
1.452674113498367003e-01
1.454221671927471149e-01
1.455673372163560908e-01
1.457030821097759499e-01
1.458295894811750815e-01
1.459471786081669442e-01
1.460564225934115612e-01
1.461564720232617076e-01
1.462470824056768537e-01
1.463280355640138308e-01
1.463993473674867207e-01
1.464619813805871640e-01
1.465164058465642516e-01
1.465622835953040159e-01
1.466002915385103689e-01
1.466308837751461869e-01
1.466542180241489635e-01
1.466703282162155342e-01
1.466793550975921678e-01
1.466815895979448614e-01
1.466773201501189727e-01
1.466666903669166799e-01
1.466497087008689915e-01
1.466263617196865987e-01
1.465970170335562095e-01
1.465618073199060623e-01
1.465208899662715780e-01
1.464743366571183703e-01
1.464220674121325672e-01
1.463639403355172786e-01
1.462998411224842310e-01
1.462297222555443699e-01
1.461536063489726200e-01
1.460715483408584758e-01
1.459835496733020432e-01
1.458895000228800642e-01
1.457892316301726554e-01
1.456830727682906779e-01
1.455712749802165196e-01
1.454532601475524434e-01
1.453291286187434472e-01
1.451990393784214350e-01
1.450631938810621191e-01
1.449218109426701484e-01
1.447751068004956843e-01
1.446234459395146776e-01
1.444672601757564234e-01
1.443063704077230114e-01
1.441411364900205827e-01
1.439719798088285041e-01
1.438000859015922395e-01
1.436253695839705413e-01
1.434482655643362081e-01
1.432705833490408032e-01
1.430940456913435133e-01
1.429215381460261225e-01
1.427530831613727236e-01
1.425851642892486670e-01
1.424159468037384801e-01
1.422437259671964493e-01
1.420680958979795017e-01
1.418888100540598440e-01
1.417057158567256725e-01
1.415186863425895170e-01
1.413275627856931949e-01
1.411328425782556184e-01
1.409343580184431455e-01
1.407313489989858446e-01
1.405235399712192745e-01
1.403112126252400171e-01
1.400956808899413986e-01
1.398751043106630509e-01
1.396494639542029403e-01
1.394209372797535762e-01
1.391878925563435898e-01
1.389500522116630943e-01
1.387088371810158427e-01
1.384642016514050222e-01
1.382152568077730515e-01
1.379623414004020610e-01
1.377072149353656683e-01
1.374489073524864380e-01
1.371878385606915274e-01
1.369247281596674970e-01
1.366602227979512585e-01
1.363947959140180688e-01
1.361297659933822790e-01
1.358644977680033561e-01
1.355991208817574900e-01
1.353355747709987233e-01
1.350733126365506465e-01
1.348132362240130611e-01
1.345571457184241981e-01
1.343068898810202971e-01
1.340620339203341116e-01
1.338187717358788331e-01
1.335749583936149398e-01
1.333297333682442465e-01
1.330827513519086680e-01
1.328338575902566487e-01
1.325831051536874305e-01
1.323307137742461281e-01
1.320769448962909598e-01
1.318219659373910668e-01
1.315657954406030672e-01
1.313083453935289246e-01
1.310495077128325525e-01
1.307892265069667270e-01
1.305275229562357087e-01
1.302644646965232800e-01
1.300001064487886215e-01
1.297344562431997084e-01
1.294674933056116639e-01
1.291992089831188462e-01
1.289297081187848193e-01
1.286590716708155002e-01
1.283874027396423589e-01
1.281153862659988596e-01
1.278431950107880022e-01
1.275708266227592591e-01
1.272978993619127974e-01
1.270237685165703512e-01
1.267477549718855345e-01
1.264693621659757905e-01
1.261899971432523249e-01
1.259081733789262636e-01
1.256239850446545514e-01
1.253378589330445825e-01
1.250508215658026334e-01
1.247624937852770399e-01
1.244731786515600319e-01
1.241831293377747836e-01
1.238924651817880918e-01
1.236012598239156490e-01
1.233097060742373435e-01
1.230179873279876046e-01
1.227258968501285935e-01
1.224334383904115003e-01
1.221406864024172645e-01
1.218477811009188311e-01
1.215548577046809547e-01
1.212619800770276535e-01
1.209697131302772954e-01
1.206777074949678535e-01
1.203859273323045348e-01
1.200943851869395312e-01
1.198032746282393091e-01
1.195119803753334348e-01
1.192202307963306784e-01
1.189281184071668412e-01
