4.620586421027539914e-01
4.890242399783300553e-01
5.210040065180416846e-01
5.662804930565865646e-01
6.754409044663591821e-01
6.564810919809946910e-01
7.814931275402275945e-01
8.994506106107175158e-01
1.324139014235868883e+00
1.123176315874034437e+00
1.214242939167277102e+00
1.331463623942091390e+00
1.357564416910328919e+00
1.125765002660739089e+00
1.207857638701034464e+00
1.164301025828438974e+00
1.322991678475910371e+00
1.601088681255384838e+00
1.485591093867401291e+00
1.327933038605375593e+00
1.170630440223572100e+00
1.184485819122137906e+00
1.470183940178239279e+00
1.584164848293754257e+00
1.563111533239012196e+00
1.508773618248826942e+00
1.396040681111854864e+00
1.245045038750297817e+00
1.130709115821516120e+00
1.120255548176587235e+00
1.073665063330050184e+00
9.966757612882154449e-01
1.033244856354903929e+00
1.086806306290301061e+00
1.165700041534130538e+00
1.233901844120468549e+00
1.253124915543877282e+00
1.204504716267411180e+00
1.093537349803480163e+00
9.411382101761095464e-01
9.005817439060856966e-01
8.436683340180828328e-01
7.862839287761659302e-01
7.139903890215311133e-01
6.350795968927097634e-01
5.646622720040150867e-01
6.058108480524266870e-01
6.332833046138977018e-01
6.361427087537200320e-01
6.334659684209917874e-01
6.286129102492202803e-01
6.230684122769466482e-01
6.553405154649649678e-01
6.699385455602340222e-01
6.656337786350777774e-01
6.451502362567832494e-01
6.088472158535918055e-01
5.883088249779294676e-01
6.248100981324213876e-01
6.389693541740194549e-01
6.288416580235295372e-01
5.994278823754798369e-01
5.558824319471293851e-01
5.028332532584093295e-01
4.804324432038388215e-01
4.828087399036111171e-01
4.719082030361618219e-01
4.528411328510039136e-01
4.306592970264772613e-01
4.108204713362791360e-01
4.032909538578251518e-01
4.087652317895179022e-01
4.179143811863660907e-01
4.291991788187127232e-01
4.438757095192510937e-01
4.648210727797055242e-01
4.945735796600563838e-01
5.331203086725171403e-01
5.776380781751029314e-01
6.235845195400253616e-01
6.661586965478314415e-01
7.007807961448466738e-01
7.235317189607174404e-01
7.332961533283797184e-01
7.279328707687507949e-01
7.091197053617717128e-01
6.772149450778934821e-01
6.358192507125139947e-01
5.870814185977548672e-01
5.384624696696173052e-01
5.140652558905597358e-01
4.966762113368902165e-01
5.015385633527523757e-01
5.082259945483791341e-01
5.135676882018006539e-01
5.171015725291807641e-01
5.186276343618039242e-01
5.191667200345201350e-01
5.177965814105818243e-01
5.151298664827206331e-01
5.111686303661399089e-01
5.058784863925858133e-01
4.996980275349567346e-01
4.923369414593621873e-01
4.843804579990119707e-01
4.754479231389921456e-01
4.662200907086612167e-01
4.561503470140488847e-01
4.462029639192101049e-01
4.357943506247610177e-01
4.315098917029959180e-01
4.516004032115677469e-01
4.691960353138540096e-01
4.842341500366501017e-01
4.967184455573591118e-01
5.067623785001380554e-01
5.146592509435067297e-01
5.207988095908298032e-01
5.258838502931364456e-01
5.308779477206789776e-01
5.353641689810895166e-01
5.389611472499302725e-01
5.410523623944741844e-01
5.415164208374321220e-01
5.402405386509442353e-01
5.371806993100833871e-01
5.471399383680357609e-01
5.611570363273692408e-01
5.727061622667656282e-01
5.817374110222522932e-01
5.885190949613923195e-01
5.928067142630556452e-01
5.947055504139409088e-01
5.938825840446095850e-01
5.904609587907586610e-01
5.847290310342064812e-01
5.768106200003673134e-01
5.667791105044686084e-01
5.549582210837222807e-01
5.482377217190231855e-01
5.417577460869235084e-01
5.344166994092494072e-01
5.261232634467079006e-01
5.168011388313784593e-01
5.064684258683039841e-01
4.952820035830500789e-01
4.833995857542515151e-01
4.709747255522643838e-01
4.581413707530406221e-01
4.450245182203112493e-01
4.317149490593765737e-01
4.182592949653609060e-01
4.046864674357192881e-01
3.910257463529399624e-01
3.774076466834967447e-01
3.639875584261387242e-01
3.506348787259206401e-01
3.375904805478724957e-01
3.248180541106310826e-01
3.123696056819826317e-01
3.003622375252471555e-01
2.887274292344469417e-01
2.776189855978961063e-01
2.669411509324717269e-01
2.567961123930624368e-01
2.471576241295108389e-01
2.380072910015079701e-01
2.294015881838673832e-01
2.213449795219461502e-01
2.138098191766803213e-01
2.068021295287464367e-01
2.003217948793750425e-01
1.943633888828536493e-01
1.889169420373166819e-01
1.839686477434830103e-01
1.795120514106824106e-01
1.755506915203687845e-01
1.720316418883941767e-01
1.689302596415964974e-01
1.662280495933234348e-01
1.639360673207873875e-01
1.619806158120882245e-01
1.603342565500426031e-01
1.589933469052992876e-01
1.579256391237444657e-01
1.570822944980642399e-01
1.564378456710533161e-01
1.559678018930470700e-01
1.556487326468264931e-01
1.554667599720424565e-01
1.553961837958985626e-01
1.554078868076696762e-01
1.554833480953605740e-01
1.556053275986126194e-01
1.557578632334700452e-01
1.559262600767564733e-01
1.561080164520208535e-01
1.562896652694624189e-01
1.570195806592018795e-01
1.579994357209185130e-01
1.587607295172141775e-01
1.593089214208117943e-01
1.596748395393796927e-01
1.599009589440015811e-01
1.599662471167989652e-01
1.598447380996870504e-01
1.595197425978931716e-01
1.589840147902948642e-01
1.582188729796983606e-01
1.571683163345346246e-01
1.558036630122853206e-01
1.546880995983551388e-01
1.541902539320916254e-01
1.536188842768898000e-01
1.530009336991944302e-01
1.523375391866850781e-01
1.516044598197974769e-01
1.508375742048790880e-01
1.500223575426296863e-01
1.491438871113794362e-01
1.482527242919344235e-01
1.473051793274664512e-01
1.463315695579247566e-01
1.453242911790011416e-01
1.463822055788208121e-01
1.485429954507543615e-01
1.506182800947968858e-01
1.526078527366642179e-01
1.545004812520578419e-01
1.562980922948025431e-01
1.580013885743306867e-01
1.595923307583042017e-01
1.611051438047647888e-01
1.624941613883456870e-01
1.638052914917998426e-01
1.650099663989770260e-01
1.661024627600911074e-01
1.671278356212152205e-01
1.680426227713598675e-01
1.688603409444682790e-01
1.696201962728067503e-01
1.703011587609289668e-01
1.709171950811929352e-01
1.714729625680530833e-01
1.719637142897552651e-01
1.723831166322514485e-01
1.727560234499833924e-01
1.730475308331980433e-01
1.732616102537224700e-01
1.734410170797505701e-01
1.735602211613598012e-01
1.736309397720191550e-01
1.736676907286959504e-01
1.736793602454769214e-01
1.736669511749106554e-01
1.736288147005980165e-01
1.735736203174688130e-01
1.734995550163797307e-01
1.734067717158942756e-01
1.733054130377879309e-01
1.732231644099625767e-01
1.731791980510166140e-01
1.732059222205108995e-01
1.732970893920003919e-01
1.734155155052604369e-01
1.735710145000357862e-01
1.737530155789731579e-01
1.739768589865691162e-01
1.742353545236742518e-01
1.745067802628254006e-01
1.747738362714855442e-01
1.750213028194506082e-01
1.752592630159264808e-01
1.754863587989151930e-01
1.756854520377485462e-01
1.758780358616055806e-01
1.760605918840097428e-01
1.762242262592088882e-01
1.763803609199792455e-01
1.765447084063850869e-01
1.767037806222171714e-01
1.768589862791025979e-01
1.770106549280376640e-01
1.771606459631484554e-01
1.773215499550256924e-01
1.774855899012160176e-01
1.776559892508098870e-01
1.778352018835182569e-01
1.780216512736894074e-01
1.782066837835153961e-01
1.783805639869366910e-01
1.785533564475745016e-01
1.787233241607152912e-01
1.788843584143518795e-01
1.790455375013840777e-01
1.792201601856049376e-01
1.794228132004268006e-01
1.796652534879015495e-01
1.799300784540202869e-01
1.802154909725053877e-01
1.805165856727558860e-01
1.808252784777513722e-01
1.811398503811610938e-01
1.814607754167947284e-01
1.817898192685137859e-01
1.821280660541148566e-01
1.824769840665218523e-01
1.828414777820929205e-01
1.832099708917464820e-01
1.835803065304150994e-01
1.839518608535014865e-01
1.843251634310856535e-01
1.846994176501792484e-01
1.850716245762928924e-01
1.854383939831099615e-01
1.857974124912245284e-01
1.861478846793093722e-01
1.864901143712491827e-01
1.868240735791173446e-01
1.871487708030701025e-01
1.874629726038877231e-01
1.877660361264411326e-01
1.880580266767976072e-01
1.885834153485749787e-01
1.902483031598483643e-01
1.918310721577351774e-01
1.933275890251287543e-01
1.947348984468061650e-01
1.960535078201154080e-01
1.972854948839045386e-01
1.984333245217559938e-01
1.994992571660910985e-01
2.004848505488855681e-01
2.013905926712168948e-01
2.022168888081330440e-01
2.029650824455417057e-01
2.036382572959842263e-01
2.042435286423272267e-01
2.047733316565918671e-01
2.052264661654101818e-01
2.056024284170755445e-01
2.059015437024871165e-01
2.061265659995828170e-01
2.062826739620320926e-01
2.063748966880922797e-01
2.064072055978388442e-01
2.064050114423672255e-01
2.063490020356820998e-01
2.062389416856521274e-01
2.060873363086900001e-01
2.058866702496330303e-01
2.056318522404290694e-01
2.053243738969332544e-01
2.049822676725401860e-01
2.045909282652426664e-01
2.041482943758416713e-01
2.040251215903417514e-01
2.042512362966267814e-01
2.044623968670864489e-01
2.046701208683739392e-01
2.048522222712088614e-01
2.050055770743235140e-01
2.051273533563008344e-01
2.052154953407814564e-01
2.052708945082031000e-01
2.052967151894662112e-01
2.052960137710745647e-01
2.052776453931518252e-01
2.052423396422091706e-01
2.051842415252181362e-01
2.050994435910237779e-01
2.049838798048121413e-01
2.048346742587311697e-01
2.046499871265156090e-01
2.044290450121875047e-01
2.041744770345109983e-01
2.038918970638477213e-01
2.035753258145526767e-01
2.032251003378244547e-01
2.028414396874350101e-01
2.024254714841716984e-01
2.019794209317433420e-01
2.015064408791761852e-01
2.010108325758362124e-01
2.004973125662570521e-01
1.999691763565886182e-01
1.994279525167936551e-01
1.988743018153682762e-01
1.983081865192856397e-01
1.977290335587408299e-01
1.971362071687857154e-01
1.965293557701112692e-01
1.959087970244702548e-01
1.952751946412451811e-01
1.946289827351755375e-01
1.939708362068753300e-01
1.933020997809858366e-01
1.926241106384405100e-01
1.919376791508990432e-01
1.912432818288616054e-01
1.905429891614551507e-01
1.898342661697320632e-01
1.891157519537961795e-01
1.883857375504516818e-01
1.876454966954710091e-01
1.868943808452079303e-01
1.861304177659676984e-01
1.853530437028389211e-01
1.845618128227166366e-01
1.837562388150055792e-01
1.829351766417618985e-01
1.821047363244999440e-01
1.812620193382126210e-01
1.804017534274630630e-01
1.795234703332615755e-01
1.786371557709023061e-01
1.777382358921672234e-01
1.768217716297708075e-01
1.758905874038940442e-01
1.749548461125161603e-01
1.740000593877146229e-01
1.730299519432935140e-01
1.720559003803592002e-01
1.710629148680692935e-01
1.700594693580008698e-01
1.690506835129943763e-01
1.680273762826086370e-01
1.669957594988660254e-01
1.659635095130364280e-01
1.649215398422965717e-01
1.638707595351310831e-01
1.628195416568776199e-01
1.617639793968205231e-01
1.606990158572781657e-01
1.596295487668701329e-01
1.585596801025273284e-01
1.574803211069394637e-01
1.563964776627868869e-01
1.553142890854797564e-01
1.542248921385536431e-01
1.531302029405616494e-01
1.520411395472820726e-01
1.509469571407618116e-01
1.498486876174080495e-01
1.487534283728178530e-01
1.476590032748208436e-01
1.465616414468502438e-01
1.454620963562869018e-01
1.443697772348186414e-01
1.432753350903447909e-01
1.421790802911442331e-01
1.410858382146029100e-01
1.399958152328970862e-01
1.389034382677830359e-01
1.378110049491924616e-01
1.367241177396110730e-01
1.356337475937635095e-01
1.345440978222370298e-01
1.334590840519901123e-01
1.323714693365955208e-01
1.312863766665069987e-01
1.302060636869914745e-01
1.291246947624037911e-01
1.280457176197828673e-01
1.269733091006792769e-01
1.259014493039077032e-01
1.248302800634601833e-01
1.237680994990892347e-01
1.227063977234464642e-01
1.216450691604500228e-01
1.210271586997406501e-01
1.204039229519259790e-01
1.197831761712446069e-01
1.191633419254898296e-01
1.185394288600458285e-01
1.179232111804452421e-01
1.173024073574617104e-01
1.166855057024256265e-01
1.160687240275602716e-01
1.154523101956720366e-01
1.148396983032420465e-01
1.142250324351375829e-01
1.136167162497283972e-01
1.130046348900157482e-01
1.124004664849223983e-01
1.117929624121743737e-01
1.111914262357154154e-01
1.105885818690646172e-01
1.099894580012855116e-01
1.093913443849075934e-01
1.087939608751719439e-01
1.082006404821385798e-01
1.076048011258899650e-01
1.070163268098388437e-01
1.064250205008844125e-01
1.058389680527347387e-01
1.052526710526071052e-01
1.046695407748772927e-01
1.040882748477851560e-01
1.035089777755648366e-01
1.029327536949324468e-01
1.023576895064786801e-01
1.017865098591308887e-01
1.012155270720778572e-01
1.006493891229032905e-01
1.000824145421888300e-01
9.952131052132810740e-02
9.895924658058070922e-02
9.840316041502675248e-02
9.784789331247908950e-02
9.729679737847778120e-02
9.675015962475458364e-02
9.620660446722778536e-02
9.566723609003656426e-02
9.513393576657369621e-02
9.460290505583396348e-02
9.407489991346743019e-02
9.355065058664556454e-02
9.302728009050881264e-02
9.250813502959860657e-02
9.198936946932508019e-02
9.147349047693696666e-02
9.095930523860448758e-02
9.044482636176337520e-02
8.993520219608630573e-02
8.942399951544391379e-02
8.891620772285639684e-02
8.840960711069784095e-02
8.790183166469135723e-02
8.739981370528789040e-02
8.689642550742052163e-02
8.639382868687810191e-02
8.589505782685170898e-02
8.539505796476402899e-02
8.489683595462592380e-02
8.440148398800022267e-02
8.390503658500175765e-02
8.341069403438622354e-02
8.291892070162844297e-02
8.242617847427297084e-02
8.193568856085234331e-02
8.144764126597536791e-02
8.095874517964815609e-02
8.047256276247688467e-02
7.998837612395622021e-02
7.950345488837504138e-02
7.902209426111764246e-02
7.854189110055234679e-02
7.806106419616187786e-02
7.758554643473038193e-02
7.710943699453957911e-02
7.663648939078185340e-02
7.616505902341899614e-02
7.569652911431261344e-02
7.522973139840062606e-02
7.476624760024463967e-02
7.430403471078590727e-02
7.384538292591064090e-02
7.338770870524657930e-02
7.293338286693387684e-02
7.248020386176763641e-02
7.202952455648538310e-02
7.158080060550081614e-02
7.113284874099465305e-02
7.068854377876448991e-02
7.024393090851033250e-02
6.980251631186948358e-02
6.936231898441849730e-02
6.892230738107243959e-02
6.848649507309394202e-02
6.805048979236322237e-02
6.761628101674524438e-02
6.718465829675106249e-02
6.675292539012249449e-02
6.632402475633643324e-02
6.589667210910604700e-02
6.546928875917101820e-02
6.504522399020405687e-02
6.462221874305817959e-02
6.419925909806696585e-02
6.377971712373987911e-02
6.336113306770840836e-02
6.294266785067155479e-02
6.252751085538643672e-02
6.211341779644473371e-02
6.169951384653918347e-02
6.128900986177469173e-02
6.087947238003415390e-02
6.047023788627004653e-02
6.006503820939689681e-02
5.966011435862603879e-02
5.925721105322232646e-02
5.885661247466567741e-02
5.845687048619946369e-02
5.806056287372821784e-02
5.766461258340718071e-02
5.727254082708501531e-02
5.688086344914655701e-02
5.656931241287681961e-02
