4.537209960801775188e-01
4.544508240595831472e-01
4.588002646754339442e-01
4.750415347696326784e-01
5.043031776251447607e-01
4.974468023411933726e-01
5.034971403493539999e-01
5.814303874472213085e-01
6.447141521502044448e-01
6.044652374080051738e-01
7.315171499057743221e-01
7.679310845865647828e-01
1.024864773003657747e+00
1.184440212226001377e+00
1.107545673855843571e+00
1.337242122737132277e+00
1.247592390018016806e+00
1.049654651574523312e+00
9.411761277273555937e-01
8.771294517619609987e-01
8.958585830275132000e-01
1.004399739677152681e+00
1.074186092977446050e+00
1.050377215414353582e+00
1.021411835731196094e+00
1.030655949699022189e+00
1.042894874024462348e+00
1.015909206395588349e+00
9.759315807883710558e-01
9.405733194823374665e-01
1.038393247895865512e+00
1.151502147093707684e+00
1.242657839922530316e+00
1.313728933120694942e+00
1.397602373422211164e+00
1.401647103891828561e+00
1.342813093925518508e+00
1.201759241316752158e+00
1.196589916390167208e+00
1.224653310950209351e+00
1.244619675955640048e+00
1.260781591299631410e+00
1.277577382743073864e+00
1.295717023682685820e+00
1.312036097997487882e+00
1.322815456527067113e+00
1.326485282533572896e+00
1.349686670972404245e+00
1.435346917753679730e+00
1.481862257019814555e+00
1.451510190354342367e+00
1.350407627973937430e+00
1.299408756726558423e+00
1.298897006336582560e+00
1.310786820335299252e+00
1.342114279139643207e+00
1.371302793418700983e+00
1.394205564003879072e+00
1.400424259293445939e+00
1.391812464802571814e+00
1.424540485195106010e+00
1.475835543558791763e+00
1.475429363477966938e+00
1.499863166629573197e+00
1.490419068728857432e+00
1.459748243345469598e+00
1.448193515371413387e+00
1.413194371574167940e+00
1.358092486583573510e+00
1.285984869554979149e+00
1.221486602317677583e+00
1.166663045452271508e+00
1.102830061583053523e+00
1.031305826551538907e+00
9.538003045100341692e-01
8.996666232112536798e-01
8.705669327914442590e-01
8.409434319215357556e-01
8.104923290751923082e-01
7.793785806234467817e-01
7.477925175814725822e-01
7.160670667049002791e-01
6.842901493908111199e-01
6.525208937981715751e-01
6.279609273768724798e-01
6.092534324145452151e-01
5.908777002919555210e-01
5.728680235825791556e-01
5.552554832133899110e-01
5.380645223836926228e-01
5.213108239005318501e-01
5.050713885558509864e-01
4.892976108879094621e-01
4.739656267211236895e-01
4.590595422523174318e-01
4.445606340178356319e-01
4.304570881797314397e-01
4.168475256408065710e-01
4.193036957405391063e-01
4.251878749528826273e-01
4.285359879970640495e-01
4.294299452398342432e-01
4.279814940482574714e-01
4.243278050546860358e-01
4.186269773163938668e-01
4.110529250154100755e-01
4.017901625567142920e-01
3.910290139925187147e-01
3.789617674435171724e-01
3.657878059543563376e-01
3.516981561802925982e-01
3.368704272025356272e-01
3.293471054766358153e-01
3.241258112218292631e-01
3.233407687409506348e-01
3.216907515083731739e-01
3.188093302042618316e-01
3.147179536977438574e-01
3.094359159555892802e-01
3.030488502365382142e-01
2.956409097087300819e-01
2.874251249096830274e-01
2.784577710448298271e-01
2.688685490696327562e-01
2.601752457664314178e-01
2.533969139945644877e-01
2.465493079386888997e-01
2.396782783032787023e-01
2.328059133136866909e-01
2.259401725456497700e-01
2.190994213484411812e-01
2.122996752755383909e-01
2.055812581285806628e-01
1.989596659278716761e-01
1.924161122192435402e-01
1.859785993886234334e-01
1.796821272015960425e-01
1.734828866981594497e-01
1.674517130641357820e-01
1.621740466512417156e-01
1.602736371948719485e-01
1.583071082415339059e-01
1.563002927504114625e-01
1.542322506420065464e-01
1.521623045053809020e-01
1.500417419352778892e-01
1.479132787836479335e-01
1.457868920002586555e-01
1.436406389742015122e-01
1.414989412268464475e-01
1.393911054668633132e-01
1.372869935818668008e-01
1.351941850986552729e-01
1.331355432683657136e-01
1.311228579726535504e-01
1.291363187776659038e-01
1.271805590806617536e-01
1.252595143692709634e-01
1.233929219133348409e-01
1.215782851860559705e-01
1.198042859042854347e-01
1.180726671536731359e-01
1.163846874253215286e-01
1.147411657982020800e-01
1.131467158850956445e-01
1.116126301295315565e-01
1.101219287253147466e-01
1.086742185581370534e-01
1.072688674376280626e-01
1.059050405097914926e-01
1.045817343621600753e-01
1.032978086992061145e-01
1.020520155091724918e-01
1.008504865568935899e-01
9.968977769957128310e-02
9.856242732251394023e-02
9.746704887509115289e-02
9.640225108543960808e-02
9.536665279806508244e-02
9.435889564600830060e-02
9.337765468596986862e-02
9.242164713441049229e-02
9.148963934909572215e-02
9.058045220420524180e-02
8.969669435422156223e-02
8.883931295160810149e-02
8.800125676832855348e-02
8.718160794995113982e-02
8.637950950597837740e-02
8.559416428878924288e-02
8.482483331383511294e-02
8.407083353422999117e-02
8.333153517447584868e-02
8.260635871945257169e-02
8.189477164610399484e-02
8.119628497663239353e-02
8.051044972355640705e-02
7.984088536808243985e-02
7.918660312715317118e-02
7.854362592711362778e-02
7.791163641523024541e-02
7.729033954254445338e-02
7.667945943290986610e-02
7.607873642242300727e-02
7.548792428665827836e-02
7.490678766849000192e-02
7.433509971512175518e-02
7.377263992924673608e-02
7.321919223601017213e-02
7.267454326461299241e-02
7.213848084095916824e-02
7.161467871488429171e-02
7.110130710181633562e-02
7.059575209324275846e-02
7.009780097347231842e-02
6.960723742773708422e-02
6.912384112434825922e-02
6.864738744247282642e-02
6.817764733365458407e-02
6.771438730509798942e-02
6.725736951278696307e-02
6.680635195266750037e-02
6.636108873841158051e-02
6.592133045462851559e-02
6.548682457483086250e-02
6.505955239734181883e-02
6.464035369595053093e-02
6.422555899774651245e-02
6.381491156288275624e-02
6.340815403943653172e-02
6.300502907858653023e-02
6.260527995597309214e-02
6.220865119311706076e-02
6.181488917336629835e-02
6.142374274741048412e-02
6.103496382396011999e-02
6.064830794171765377e-02
6.026353481927902711e-02
5.988040888007971352e-02
5.950317651781857065e-02
5.912798981109520374e-02
5.875371607996104917e-02
5.838014387998313737e-02
5.800706851383196500e-02
5.763429237808737754e-02
5.726162527606819957e-02
5.688888469661886049e-02
5.651589605900936980e-02
5.614249292433001054e-02
5.576851717393942892e-02
5.539381915569748654e-02
5.501897749056917225e-02
5.464759556865993878e-02
5.427502758030511298e-02
5.390115824854540411e-02
5.352588099976607339e-02
5.314909794543939275e-02
5.277071983947616979e-02
5.239066601258170891e-02
5.200886428501874659e-02
5.162525085920004198e-02
5.123977019353042478e-02
5.085237485891117709e-02
5.046302537930511672e-02
5.007625747739998662e-02
4.968767129182777298e-02
4.929698023351881953e-02
4.890417436295849130e-02
4.850925072153116496e-02
4.811221310733889561e-02
4.771307184372753502e-02
4.731184354163409100e-02
4.690855085681377296e-02
4.650322224295778961e-02
4.609589170166549649e-02
4.568659853017286582e-02
4.527851777413088863e-02
4.486966652156641061e-02
4.445891379656686376e-02
4.404631753966898461e-02
4.363193975710052963e-02
4.321584627183539667e-02
4.279810647719432121e-02
4.237879309351521434e-02
4.195798192837304347e-02
4.153575164078363025e-02
4.111218350979016500e-02
4.068736120778230353e-02
4.056246969473728536e-02
4.068917579664883127e-02
4.080748412701407091e-02
4.091738978526388709e-02
4.101889452464087954e-02
4.111602869866295973e-02
4.120500541259927013e-02
4.128561365541345840e-02
4.135787829014801048e-02
4.142183016569211257e-02
4.147750595295247172e-02
4.152494797561982059e-02
4.156420403622893694e-02
4.159532723816623812e-02
4.161837580426196864e-02
4.163589383425537332e-02
4.164730356084469370e-02
4.165080994549182763e-02
4.164648826009847288e-02
4.163441801626574512e-02
4.161468277511820579e-02
4.158736995723930768e-02
4.155257065312926990e-02
4.151037943457291934e-02
4.146089416727110483e-02
4.140694027301545371e-02
4.134736703906086858e-02
4.128076418115082802e-02
4.120723992189310320e-02
4.112690492577436574e-02
4.103987212490457087e-02
4.094625654783330682e-02
4.084617515161442780e-02
4.073974665729122868e-02
4.062709138894576855e-02
4.051161610932250273e-02
4.039080805988051054e-02
4.026408601776242796e-02
4.013157472416551547e-02
3.999339982219408257e-02
3.984968771846679469e-02
3.970056544886511884e-02
3.954616054846247369e-02
3.967745114743548990e-02
3.982843875142506179e-02
3.997165661699802336e-02
4.010714480478555499e-02
4.023494765425279091e-02
4.035511360919985524e-02
4.046769504495046493e-02
4.057274809742833499e-02
4.067074607268163916e-02
4.076418901708118298e-02
4.085028050844921599e-02
4.092908862699368155e-02
4.100068444466243439e-02
4.106514186831917990e-02
4.112253748576664286e-02
4.117295041471689260e-02
4.121853050152830822e-02
4.125848430801045547e-02
4.129168351386984515e-02
4.131821486688241896e-02
4.133816698241464527e-02
4.135163021073370165e-02
4.135869650763890348e-02
4.136072024088306015e-02
4.135847996514110253e-02
4.135009710981997488e-02
4.133566808778574991e-02
4.131529036138606448e-02
4.128906233246907448e-02
4.125708323575983522e-02
4.122022632941160086e-02
4.118015090134255485e-02
4.113459123632343811e-02
4.108364842318302373e-02
4.102742393441183300e-02
4.096601953833834547e-02
4.089953721447194684e-02
4.082833908873361589e-02
4.075497880237214515e-02
4.067680887541464535e-02
4.059393108897473013e-02
4.050644708632922253e-02
4.041445830547123197e-02
4.031806591450285554e-02
4.021737074981103499e-02
4.011476965611203427e-02
4.000854508259225201e-02
3.989827761703251124e-02
3.978406614863103791e-02
3.966600898759422428e-02
3.954420381807313700e-02
3.941874765348769849e-02
3.929065198528020747e-02
3.916078668214224151e-02
3.902751634625604982e-02
3.889093498967192281e-02
3.875113578128683983e-02
3.860821101460505667e-02
3.846225207748714403e-02
3.831334942382960684e-02
3.816301085284540956e-02
3.801087664099612323e-02
3.785602404773766305e-02
3.769853974661478702e-02
3.753850937489239259e-02
3.737601751507355075e-02
3.721114767796941669e-02
3.704398228727315279e-02
3.687553312334975603e-02
3.679163850882766901e-02
3.680019817366466522e-02
3.680181724211959576e-02
3.679498554636361635e-02
3.678220244843687786e-02
3.676067582926718924e-02
3.673366996263253276e-02
3.669857571890799974e-02
3.665709842347024405e-02
3.660898270000190191e-02
3.655335826574256097e-02
3.649276615992142619e-02
3.642447198070256770e-02
3.635078536185999687e-02
3.627084912398578082e-02
3.618388690083588349e-02
3.609284611991666475e-02
3.599485117363440678e-02
3.589128959351015752e-02
3.578300900157446729e-02
3.566822598000107120e-02
3.554896372028371054e-02
3.542469978796240759e-02
3.529437833597875301e-02
3.516031827380755592e-02
3.502130299943752995e-02
3.487666636453064933e-02
3.472871478328555528e-02
3.457615079366044286e-02
3.441839121176987204e-02
3.425746534729300075e-02
3.409252171569406020e-02
3.392279649193456759e-02
3.374983182153896283e-02
3.357364054504771017e-02
3.339306877181922456e-02
3.320902088041956940e-02
3.302267398350299671e-02
3.283233386352155114e-02
3.263818043081766207e-02
3.244272763764828593e-02
3.224365435523048745e-02
3.204109725492013117e-02
3.183683665212564545e-02
3.163002077242930282e-02
3.142007341377323765e-02
3.120795921292980613e-02
3.099434554847176754e-02
3.077793715037252867e-02
3.055896898584658031e-02
3.033945588997778720e-02
3.011746902613417209e-02
2.989312678157664618e-02
2.966808083169765464e-02
2.944135125461728314e-02
2.921256581758152962e-02
2.898284090927104317e-02
2.875215771605389367e-02
2.851970238734985799e-02
2.828622912534704825e-02
2.805233526578967615e-02
2.781693736321569702e-02
2.758059135032416009e-02
2.734418444374562412e-02
2.710652619325001206e-02
2.686813369605821691e-02
2.662986700798027420e-02
2.639058658379343433e-02
2.615093559846277255e-02
2.602198653265424752e-02
2.591729006804982180e-02
2.580912485284447486e-02
2.569927216138088652e-02
2.558639968915115900e-02
2.547122939929756871e-02
2.535394771327034377e-02
2.523363947526148510e-02
2.511222231732173141e-02
2.498795658433396530e-02
2.486168577427064555e-02
2.473373887780684968e-02
2.460317806262396836e-02
2.447144465855730436e-02
2.433762076104294819e-02
2.420153510862509821e-02
2.406470253458098049e-02
2.392563884200156824e-02
2.378487677333440686e-02
2.364318886676737910e-02
2.349949134912027518e-02
2.335451419404756951e-02
2.320855679004214800e-02
2.306080046358831639e-02
2.291205376715822750e-02
2.276238203488536657e-02
2.261111138375434051e-02
2.245902278773079935e-02
2.230616173341017777e-02
2.215189125346522445e-02
2.199686397021114945e-02
2.184130906884547071e-02
2.168452393415631896e-02
2.152693355296354805e-02
2.136915147870872486e-02
2.121030830112285992e-02
2.105051125128721071e-02
2.089094064566827252e-02
2.073046826747549157e-02
2.056915368118007043e-02
2.040787015607115409e-02
2.024617043498700905e-02
2.008377495090654663e-02
1.992108619807343370e-02
1.975853480293573994e-02
1.959542497510841433e-02
1.943180847534175040e-02
1.926863822938065796e-02
1.910515556601324882e-02
1.894129163642474523e-02
1.877751421300024454e-02
1.861397604633073521e-02
1.845017365745418858e-02
1.833887971240849221e-02
1.825747366768932026e-02
1.817436960455537376e-02
1.810897827158034976e-02
1.805773649542117415e-02
1.800570973564415145e-02
1.795292099408366329e-02
1.789939290272314285e-02
1.784514772685207723e-02
1.779073563979717554e-02
1.773581128392527281e-02
1.768022425978563877e-02
1.762399548945642325e-02
1.756714554517033525e-02
1.750976755762320702e-02
1.745239081800984207e-02
1.739444273503987226e-02
1.733594260765932218e-02
1.727690940232195355e-02
1.721736175647193071e-02
1.715742031621525845e-02
1.709751154186967340e-02
1.703713296403108757e-02
1.697630203146681394e-02
1.691503588156279339e-02
1.685335134386225023e-02
1.679126494361396840e-02
1.672932281877653055e-02
1.666704582401104875e-02
1.660440598951722427e-02
1.654141875009886367e-02
1.647809925382152929e-02
1.641446236554220880e-02
1.635073844203451671e-02
1.628703835543075448e-02
1.622305551884554650e-02
1.615880378897770892e-02
1.609429675652487152e-02
1.602954774964357454e-02
1.596456983739975508e-02
1.589969097257260336e-02
1.583477929127185754e-02
1.576966865416666239e-02
1.570437121498421615e-02
1.563889888494281524e-02
1.557326333609248062e-02
1.550747600463663924e-02
1.544185631911755216e-02
1.537624542655899665e-02
1.531050847310925708e-02
1.524465606791540126e-02
1.517869860005710385e-02
1.511264624172856466e-02
1.504650895139969004e-02
1.498052993810200864e-02
1.491466203488815874e-02
1.484873113043134671e-02
1.478274643922005208e-02
1.471671697687693299e-02
1.465065156316157011e-02
1.458455882494717748e-02
1.451856137213756830e-02
1.445281557624815590e-02
1.438706100255566882e-02
1.432130561143399143e-02
1.425555718424339167e-02
1.418982332613947378e-02
1.412411146885273784e-02
1.405842887344280027e-02
1.399309087194800481e-02
1.392782740925594190e-02
1.386260832289607295e-02
1.379744028925791732e-02
1.373232982677364059e-02
1.366728329849646074e-02
1.360230691465260169e-02
1.353750740895833839e-02
