2.330706879387275388e-01
2.331810612938111926e-01
2.336072917519796954e-01
2.343630529907501925e-01
2.385581612062773471e-01
2.410841028332552094e-01
2.517051879814030113e-01
2.497386928527311756e-01
2.944978946187372104e-01
3.507096933481104184e-01
4.094361890437996365e-01
4.882371715672233492e-01
4.743581448512129151e-01
4.916781505129884655e-01
4.304130332465607167e-01
3.950156260668732933e-01
3.749147973839292991e-01
3.404279404466618586e-01
3.459421769189680584e-01
4.185374187800336432e-01
4.588189545204386932e-01
4.997371639223431861e-01
4.939954471572177153e-01
4.617323373826697219e-01
4.320712092623618661e-01
4.106256528156772001e-01
3.870037682517153965e-01
4.168541365035722812e-01
5.067853290174265668e-01
5.635434381200894460e-01
5.383982081126655883e-01
5.000346135992208563e-01
4.878184003358420617e-01
5.258892852729005751e-01
5.572896245797053227e-01
5.640285815539433090e-01
5.987410824354983951e-01
6.063377736841571997e-01
5.845532959280878016e-01
6.149507061295002019e-01
6.297689088463866991e-01
6.204663547276181301e-01
5.844945748001714181e-01
5.952367127253279655e-01
6.379121177892971284e-01
6.572971157713742851e-01
6.578540345592115424e-01
6.552742044817344569e-01
6.549707400492392750e-01
6.524524584308265540e-01
6.427852235473595632e-01
6.407280252676634813e-01
6.843880118378800059e-01
7.205653385887359486e-01
7.505284901259090535e-01
7.750821209739708895e-01
7.931757916900757932e-01
8.033285741567574023e-01
8.055396832060864876e-01
8.014928095787527962e-01
7.934005696343472414e-01
7.830321732588233496e-01
7.716381353183345837e-01
7.616460677729561812e-01
7.533718133958292595e-01
7.469622293718772843e-01
7.433149171358238716e-01
7.412235777639820666e-01
7.382863198588764941e-01
7.331965657311210194e-01
7.261039831518563137e-01
7.157976217405122021e-01
7.025066391020038381e-01
6.869780113798054089e-01
6.701868683097096380e-01
6.536760311834004522e-01
6.364925547060269473e-01
6.183597317987165054e-01
5.989353583633130196e-01
5.780958431508883555e-01
5.545501249219461082e-01
5.282713998495759400e-01
4.996558942413806825e-01
4.713352746874718280e-01
4.502455061337780062e-01
4.296006153544048578e-01
4.097307125821355034e-01
3.909228617828449659e-01
3.733471711925098191e-01
3.568939387980707978e-01
3.412872213138299360e-01
3.262196164209630322e-01
3.114700755858055836e-01
2.969780324796898463e-01
2.828628143183795629e-01
2.696698670828192035e-01
2.575521090420723747e-01
2.473173611881959999e-01
2.470293657146869215e-01
2.492492834470573793e-01
2.519504594789607199e-01
2.549474056430195978e-01
2.580998105536451148e-01
2.614952025287785031e-01
2.655688714379186854e-01
2.705784868456858616e-01
2.770075687752625582e-01
2.853111388975904106e-01
2.952955661971259915e-01
3.069201934030280077e-01
3.198554988862252757e-01
3.335339834993799046e-01
3.474801296375195636e-01
3.611834945883160564e-01
3.743472781178098785e-01
3.863646382867515494e-01
3.966564234063965633e-01
4.051753937940522077e-01
4.113667542825828471e-01
4.149494577560818853e-01
4.156296504867561525e-01
4.131054200306015778e-01
4.072453178183342848e-01
4.017678144527317974e-01
3.956989805053439668e-01
3.880805761127850140e-01
3.800208773792042027e-01
3.701809698413620064e-01
3.586658219849422347e-01
3.460143897719482053e-01
3.322472277650866390e-01
3.179181976313679159e-01
3.030692285049794155e-01
2.881130250654096447e-01
2.731473246768826857e-01
2.587212700482367511e-01
2.540684373518787287e-01
2.518460771623654559e-01
2.505134518351334605e-01
2.500439286222537749e-01
2.503730582695243290e-01
2.513996923057776334e-01
2.529962332461734853e-01
2.550202292522737446e-01
2.573256060278408253e-01
2.597719729508111697e-01
2.622949109701144255e-01
2.647224295088630996e-01
2.669456360150886942e-01
2.688836626079084136e-01
2.704758056624344542e-01
2.716800303631695668e-01
2.724702563908732444e-01
2.728323665434897460e-01
2.727595410568709466e-01
2.722497824220468376e-01
2.713440086854911337e-01
2.699722626890542765e-01
2.681292873385390796e-01
2.658185347947865651e-01
2.630545237118407931e-01
2.598813242145466829e-01
2.563469512463859012e-01
2.524629167775316319e-01
2.482747843373564745e-01
2.438325067557182979e-01
2.391878871693098874e-01
2.343921377580824583e-01
2.294934363928777532e-01
2.245345290411825123e-01
2.195509155856666950e-01
2.145702542770351884e-01
2.096132253113162092e-01
2.046956039368576508e-01
1.998309336223222377e-01
1.950331944747235313e-01
1.903186945822590848e-01
1.857271730108040197e-01
1.812805543302096478e-01
1.769766275329858474e-01
1.737834373624545514e-01
1.713068298122198407e-01
1.685117373384444617e-01
1.654261359284533439e-01
1.620605588226571858e-01
1.585580622167068743e-01
1.582851655390634382e-01
1.577414686638481389e-01
1.569427503648947175e-01
1.558997627262530272e-01
1.546197302998412459e-01
1.531082356027987368e-01
1.513709033174130414e-01
1.494144322166337802e-01
1.472469574383149238e-01
1.448779037736097064e-01
1.423175451419464166e-01
1.395765166794990519e-01
1.366654614767918163e-01
1.335949447607559237e-01
1.303926603526504580e-01
1.270702825592700536e-01
1.236221523855842441e-01
1.200606088009411043e-01
1.163996382858238920e-01
1.126712402537552032e-01
1.088909230521270394e-01
1.085092994315904197e-01
1.085726394186397742e-01
1.086247212595291972e-01
1.086626980428883477e-01
1.087177758063425231e-01
1.087561411270430850e-01
1.087726867869543701e-01
1.087649647620306664e-01
1.087306679480821020e-01
1.086676420973432672e-01
1.085738955978276382e-01
1.084640184886973141e-01
1.083440743072613677e-01
1.081884530918114373e-01
1.079958192820258400e-01
1.077650197158046552e-01
1.074950838353494198e-01
1.071852226361181548e-01
1.068701939338652512e-01
1.065205021088742876e-01
1.061291592716633314e-01
1.056960158744140732e-01
1.052210850717312934e-01
1.047045367765885165e-01
1.041799630648763270e-01
1.036220521765794239e-01
1.030231755554436440e-01
1.023840161372591012e-01
1.017053796995434217e-01
1.009898870646861596e-01
1.002741876658149733e-01
9.952115144781799316e-02
9.873196253268441691e-02
9.790789009568647006e-02
9.705028025212303344e-02
9.617523381865318577e-02
9.529005436756629588e-02
9.437466423599799592e-02
9.343062199016211045e-02
9.245952717739885918e-02
9.146301309427695703e-02
9.046792733850703150e-02
8.945607713554483420e-02
8.842267974208573023e-02
8.736943477647844680e-02
8.629804565990160936e-02
8.521359570058775756e-02
8.413759959288619195e-02
8.304737793911669275e-02
8.194460428625256754e-02
8.083093242803063294e-02
7.970799212565905789e-02
7.858301986467902678e-02
7.746779798887765134e-02
7.634691970237662828e-02
7.522190029120080779e-02
7.409421550021833003e-02
7.296529894184662635e-02
7.183653978573197041e-02
7.072439066038228861e-02
6.961563640616355575e-02
6.850996003162847237e-02
6.740858014097177164e-02
6.631266391270369820e-02
6.522332620094520306e-02
6.414162885598360953e-02
6.307270556484055601e-02
6.202005434621560981e-02
6.097711158519602409e-02
5.994475180062801972e-02
5.892379611769184289e-02
5.791501260743876778e-02
5.691911677342027798e-02
5.593677217472528551e-02
5.496859117489421437e-02
5.488675908726881048e-02
5.511721444079949184e-02
5.530039564965217452e-02
5.545163538012514576e-02
5.556131968400131876e-02
5.563722329040228509e-02
5.567580881307537810e-02
5.567960936592544069e-02
5.565021047070052573e-02
5.558399556030044902e-02
5.549031837705708375e-02
5.535498870319857656e-02
5.520121373372467027e-02
5.500749639694788029e-02
5.478756543934135137e-02
5.454083950723091073e-02
5.425826193006787201e-02
5.395943852911684602e-02
5.368830038416831651e-02
5.401971169380179183e-02
5.425584330844681474e-02
5.439928844402490415e-02
5.445318458489818020e-02
5.442609959848385831e-02
5.431885168418355142e-02
5.413308610135607324e-02
5.387660787044908084e-02
5.355586351357644048e-02
5.317643736692639900e-02
5.274936286141558572e-02
5.228289721770213588e-02
5.177325293530519318e-02
5.121869580334736938e-02
5.061837561336514357e-02
4.997561269756244789e-02
4.929414861494479938e-02
4.857814472040244275e-02
4.783210051373844307e-02
4.706069686677503278e-02
4.626860252064745466e-02
4.546028426540838635e-02
4.463987425394184971e-02
4.381113466802718376e-02
4.297750567829446838e-02
4.214690364103465536e-02
4.131958230663006909e-02
4.049727991449354747e-02
4.027133139001579792e-02
4.015275845700553431e-02
4.003218973746673626e-02
3.990673851682994405e-02
3.977692561320950865e-02
3.964738318386806099e-02
3.951736107583123103e-02
3.938417034984510734e-02
3.924823458539030557e-02
3.910995237904716509e-02
3.897530906765644260e-02
3.883969899368393264e-02
3.870260717908263065e-02
3.856434270468636627e-02
3.842519208793394869e-02
3.828919930330359350e-02
3.815466925283356875e-02
3.801982738425677133e-02
3.788488229263899804e-02
3.775002324230403855e-02
3.761702949536213647e-02
3.748793422210969922e-02
3.735925551649866422e-02
3.723111811029093665e-02
3.710363096025808688e-02
3.697825453501926707e-02
3.687206317235427327e-02
3.689143696214399609e-02
3.690877801783720019e-02
3.692425317705960719e-02
3.693801524040535300e-02
3.695093339564378687e-02
3.696618153490096453e-02
3.698001920271700577e-02
3.699255109741141079e-02
3.700387028223030284e-02
3.701405869306632207e-02
3.702318764932072820e-02
3.703383850800948812e-02
3.704520551840601722e-02
3.705561246027081618e-02
3.706509596965957415e-02
3.707368450770456153e-02
3.708139884993655322e-02
3.708825256814985566e-02
3.709780874983087395e-02
3.710693557147199534e-02
3.711516386556798497e-02
3.712248500788137978e-02
3.712888533103244487e-02
3.713434654259013118e-02
3.713950110429378032e-02
3.714690984688114733e-02
3.715327043912398930e-02
3.715855140489870284e-02
3.716271844144551639e-02
3.716573475879704491e-02
3.716756140531265323e-02
3.716972501926329303e-02
3.717288498772359367e-02
3.717470529726604744e-02
3.742462952034746049e-02
3.778925826683415812e-02
3.813838667724061410e-02
3.847359177903467847e-02
3.879644322291433273e-02
3.910030337000814510e-02
3.938989004101241947e-02
3.966191330289024070e-02
3.991330090971072914e-02
4.015038386900272871e-02
4.036368368885829422e-02
4.056139848829758837e-02
4.073543407736342908e-02
4.089140972625831399e-02
4.102389930803422569e-02
4.113754624818315164e-02
4.122654244124872303e-02
4.129749496266985759e-02
4.134246236511034817e-02
4.136941366646829099e-02
4.137171731100452304e-02
4.135190489663419927e-02
4.131138462943602374e-02
4.124568059321112590e-02
4.116068667667516223e-02
4.105244311411040958e-02
4.091967691139702934e-02
4.076897307917212027e-02
4.059451364272037566e-02
4.039651666791589657e-02
4.018048742024878106e-02
3.994212995870081995e-02
3.968133305417103490e-02
3.940123017126776622e-02
3.910170439274999327e-02
3.878089720030947207e-02
3.843925491336441791e-02
3.808113326248216413e-02
3.770333526591651552e-02
3.730584084616898194e-02
3.688947427342353230e-02
3.645811871935528137e-02
3.600871761115585767e-02
3.578296493522968580e-02
3.571051901467262035e-02
3.563562987747019573e-02
3.555831484282337418e-02
3.547859266854225258e-02
3.539648350493804912e-02
3.531200884791598632e-02
3.522712694946934092e-02
3.514145795372892317e-02
3.505345952836706053e-02
3.496315776362050182e-02
3.487057986726245506e-02
3.477575411591152937e-02
3.467870980633660366e-02
3.458108641003632827e-02
3.448302687869400640e-02
3.438280404748490782e-02
3.428045060009128620e-02
3.417600001507848512e-02
3.406948651904183334e-02
3.396094504026707372e-02
3.385300000425986444e-02
3.374367964895595706e-02
3.363240006593540971e-02
3.351919843097782986e-02
3.340411241453843105e-02
3.328718013946816573e-02
3.316992942579267967e-02
3.305245290147861004e-02
3.293320623383912127e-02
3.281222892465348456e-02
3.268956074375034548e-02
3.256524169181658490e-02
3.244057125682622833e-02
3.231595526728638784e-02
3.218976860570443854e-02
3.206205189598737570e-02
3.193284583430049117e-02
3.180219115742232566e-02
3.167169054660461808e-02
3.154098992388169875e-02
3.140892218177335909e-02
3.127552804440202061e-02
3.114084814447124275e-02
3.100492299720660622e-02
3.086992227921013868e-02
3.073419838645765137e-02
3.059730974788478497e-02
3.045929634872127090e-02
3.032019795050121605e-02
3.018032553262265175e-02
3.004162716806993427e-02
2.990192211978898174e-02
2.976124927925150043e-02
2.961964722795915050e-02
2.954452135791439671e-02
2.951068945281975012e-02
2.947258409646138014e-02
2.942815326158205666e-02
2.937819127287645549e-02
2.932275869501696150e-02
2.926134616566693908e-02
2.919500859604816020e-02
2.912255667605698206e-02
2.912197941354664060e-02
2.912402286458173548e-02
2.912337527886883076e-02
2.911987655449709347e-02
2.911316702243627735e-02
2.910365286391430190e-02
2.909108789120689112e-02
2.907529108173662058e-02
2.905707761017730859e-02
2.903498618780749399e-02
2.901133024096618981e-02
2.898316575310160015e-02
2.895423646471822349e-02
2.892095695881795672e-02
2.888622879014070971e-02
2.884803497445985465e-02
2.880759002183279349e-02
2.876468032003563075e-02
2.871832902385021771e-02
2.867090039797847920e-02
2.861953097625762055e-02
2.856644281527949414e-02
2.851086922519356290e-02
2.845155244632295924e-02
2.839137182764132905e-02
2.832816127842097131e-02
2.826140194641586431e-02
2.819394103888507933e-02
2.812359247012831756e-02
2.804988577806265260e-02
2.797541162628040812e-02
2.789841191283781371e-02
2.781824052544424469e-02
2.773767240834820735e-02
2.765449286454274569e-02
2.756925963237316993e-02
2.748323806017263088e-02
2.739520044982442920e-02
2.730649244004806214e-02
2.721751699856896772e-02
2.712874770156388851e-02
2.704079920707540968e-02
2.695298245195662176e-02
2.686447908380292654e-02
2.677426810703468010e-02
2.668385941549256471e-02
2.659139369677602713e-02
2.649793466174821949e-02
2.640335431308396888e-02
2.630638995551316806e-02
2.620970570309099149e-02
2.611085506681953480e-02
2.601072323820521892e-02
2.591011847842355706e-02
2.580736947048258012e-02
2.570512133126271956e-02
2.560101278658264215e-02
2.549726818368922704e-02
2.540432841229447319e-02
2.533628432880320400e-02
2.526892497707463811e-02
2.520202176234235397e-02
2.513584564923450684e-02
2.507152180135381603e-02
2.501143723017390172e-02
2.495437970624562324e-02
2.489866188683699522e-02
2.484908304102944471e-02
2.480985015943993136e-02
2.477135615248359651e-02
2.473269433613987933e-02
2.469291130384309793e-02
2.465242344108366929e-02
2.461041756564765273e-02
2.456748864530648030e-02
2.452226633200613182e-02
2.447701264278982422e-02
2.442947061603998465e-02
2.438032636867832822e-02
2.433064803171490834e-02
2.427880316788137011e-02
2.422540542336285019e-02
2.417160692898088700e-02
2.411575961911147439e-02
2.405816238819356856e-02
2.400053699194489368e-02
2.394097636360125250e-02
2.387954526694898577e-02
2.381837392666342340e-02
2.375537680739906593e-02
2.369061682274834976e-02
2.362616780446606668e-02
2.355999834861360540e-02
2.349232251495762119e-02
2.342485183793108910e-02
2.335576198624733299e-02
2.328528278512523308e-02
2.321503539453910470e-02
2.314326605616268476e-02
2.307001508460033642e-02
2.299691274988340320e-02
2.292269529491408955e-02
