4.725364088619441461e-01
4.543428529783430925e-01
5.122457123059535045e-01
5.256904549692736905e-01
5.962336243092166699e-01
5.821577810667489805e-01
6.713127746520223260e-01
7.386155277249991657e-01
9.272793367622216287e-01
1.190619387783102390e+00
1.136778807087990506e+00
1.642239461625813135e+00
1.389921034078509754e+00
1.216728499119063667e+00
1.230892701940606404e+00
1.160461711242400495e+00
1.058739478150538371e+00
1.100160784729038443e+00
1.045341632677108112e+00
8.504844699707350131e-01
7.309135223352308808e-01
8.046417964302500225e-01
8.162203702379013937e-01
7.948734848237746231e-01
9.068550369218303375e-01
9.580259488747072671e-01
8.378909298877272871e-01
8.452745477953360620e-01
9.514041346039032732e-01
9.751305804018514101e-01
9.359289276453574002e-01
1.011453600002010900e+00
9.227404970712980159e-01
7.968346861474709941e-01
7.171032877636539515e-01
6.374415480790585065e-01
5.955469357680176490e-01
6.309347901716801932e-01
6.700329681059191689e-01
6.945423754717143794e-01
7.023578244459284248e-01
7.032115563867540331e-01
7.535875138944428953e-01
7.826461897290674097e-01
7.947458454083745627e-01
7.963643225020683447e-01
8.204939661630056280e-01
8.115750063930818881e-01
7.895891621110826541e-01
8.154603829627363742e-01
8.196474940387766805e-01
7.851428371011572871e-01
7.567985090230137102e-01
7.562390119472681693e-01
7.925261473369342724e-01
8.599153131470655964e-01
9.110133921859714379e-01
9.605697580592074125e-01
1.001900691840597935e+00
1.022972720516543310e+00
1.022769837010376159e+00
1.008038893812077896e+00
9.964657023338264752e-01
1.001594180866619999e+00
1.005765796459295869e+00
9.812608489044798432e-01
9.249204572648701550e-01
8.617995311631285738e-01
8.181177575461147100e-01
8.065340066548434272e-01
8.190629534650047949e-01
8.354061045814588082e-01
8.336548210156766725e-01
8.057145668411331840e-01
7.529207875166610275e-01
6.860421054319248979e-01
6.153668022609067867e-01
5.560427974680326457e-01
5.327809623973149833e-01
5.295102071711279557e-01
5.484532458343467365e-01
5.768270648660814848e-01
6.016120581244691623e-01
6.252808294174609927e-01
6.410145151899623306e-01
6.479836072860676310e-01
6.509740486844303176e-01
6.531108879584508475e-01
6.503051740716414564e-01
6.520027728676274226e-01
6.595342967672395140e-01
6.622336013072228633e-01
6.593415384745641150e-01
6.510766883747616252e-01
6.369774673863691783e-01
6.253035372064321695e-01
6.298909123822151734e-01
6.343144238858114958e-01
6.363549134908098592e-01
6.311783938547239625e-01
6.188009129909889383e-01
5.994726855726798531e-01
5.767645294314160953e-01
5.531676451281383189e-01
5.307785287199177082e-01
5.104216235441479954e-01
4.920749051243781258e-01
4.761511869476577341e-01
4.622176292568853651e-01
4.482851906961771160e-01
4.317854347448315533e-01
4.117428759636528879e-01
3.893726815452505097e-01
3.741333856745218123e-01
3.635505571895851218e-01
3.662360385214874503e-01
3.917555177956320578e-01
4.135587230142455661e-01
4.306862039083383387e-01
4.426022569169250076e-01
4.488756797715564018e-01
4.491010807006526329e-01
4.434884397748919960e-01
4.330581091116078030e-01
4.213016082477912261e-01
4.177065141986037733e-01
4.132721001742512557e-01
4.089788035089901852e-01
4.054041825090786144e-01
4.027626157085316683e-01
4.009494941874432450e-01
3.996535236895555343e-01
3.983956399108323776e-01
3.965464839886837511e-01
3.934037304523340661e-01
3.920219949123275316e-01
4.044682726725856159e-01
4.170837887610597816e-01
4.282745608019896677e-01
4.372733698437555327e-01
4.437289006149959247e-01
4.473027991783860013e-01
4.480800172725722952e-01
4.463614989673788669e-01
4.425037417905676729e-01
4.368067437334747782e-01
4.349385765037214191e-01
4.455407358309282917e-01
4.732158904183051962e-01
5.009000919593410428e-01
5.275671008573261656e-01
5.522240843101005048e-01
5.742321021879523979e-01
5.927059152991964730e-01
6.074092256309989724e-01
6.181878481968992034e-01
6.250935830785334657e-01
6.288594186673132080e-01
6.296990982706304196e-01
6.286411377579392834e-01
6.257756312398782272e-01
6.217021894717004171e-01
6.163453054918991425e-01
6.095710879026621232e-01
6.013236987444660064e-01
5.909837499036925124e-01
5.786224260146676235e-01
5.638930792455436602e-01
5.471057882192162936e-01
5.281612836134617073e-01
5.075772893945290631e-01
4.853359377046850831e-01
4.621158536079119639e-01
4.418114748591556173e-01
4.220724186654878363e-01
4.020831528928136556e-01
3.888480583666859003e-01
3.808548776863706631e-01
3.720475439795454808e-01
3.623902450325247604e-01
3.518972657227742440e-01
3.404697557511742190e-01
3.335591527829479541e-01
3.328713153578575223e-01
3.313298173720364281e-01
3.287806462497195881e-01
3.251200855159065428e-01
3.203313036890890753e-01
3.143914493191822812e-01
3.072949208937476029e-01
2.991237406229918516e-01
2.900125996540729445e-01
2.866328836050200946e-01
2.885850644505238427e-01
2.911698534587782161e-01
2.932516850549682919e-01
2.942400726952403844e-01
2.941804297332890061e-01
2.932521368274835227e-01
2.916234138627463723e-01
2.894925497544394433e-01
2.875520819404455142e-01
2.855259178003664022e-01
2.832837765823042475e-01
2.809390094266026039e-01
2.785696080567907629e-01
2.762858617469069467e-01
2.740568228091549430e-01
2.718595919505203407e-01
2.696995101722500787e-01
2.675869300286581320e-01
2.654244173100462345e-01
2.631969206097394820e-01
2.609550467164865051e-01
2.585953473454918883e-01
2.561269408879843779e-01
2.536154241620830474e-01
2.509754879916774040e-01
2.484782656812028756e-01
2.482492698500115280e-01
2.468148985477257862e-01
2.442261238694158620e-01
2.405249524462079735e-01
2.357183547955424840e-01
2.299550871611887870e-01
2.263726543749302600e-01
2.237265546269405492e-01
2.215833821905832390e-01
2.192744611451737935e-01
2.168083118442740986e-01
2.142521824884548454e-01
2.115717883832897439e-01
2.088928137174433097e-01
2.062038759900433615e-01
2.036178981619854167e-01
2.012071010472339938e-01
1.999364723385584075e-01
2.043982578552479279e-01
2.084235318815093330e-01
2.119917419224381372e-01
2.151027004334171433e-01
2.177502827904477245e-01
2.199476688729033180e-01
2.217327828203995155e-01
2.231387099176289912e-01
2.242124182232752005e-01
2.249890678184757464e-01
2.255105949191578141e-01
2.258042103431797676e-01
2.258714782840131330e-01
2.266420215013430772e-01
2.283504670604704356e-01
2.299760353973402394e-01
2.313700822711199090e-01
2.324141411610231023e-01
2.329992369084022408e-01
2.329600813106887380e-01
2.321818660187482397e-01
2.305727944461774259e-01
2.280996499779593956e-01
2.247331569919102656e-01
2.204736934049316699e-01
2.177999971042155203e-01
2.149180821657095120e-01
2.116230757015356290e-01
2.079632440150002981e-01
2.039894345635077100e-01
1.997545528180518781e-01
1.953123067048344319e-01
1.907145247836189439e-01
1.868179543253202790e-01
1.837482422862675158e-01
1.804902018863457636e-01
1.770836345003184431e-01
1.735538033784939371e-01
1.699615671015481388e-01
1.663462310751259721e-01
1.627370466748024325e-01
1.591728286110772883e-01
1.556947863678070365e-01
1.523075443742369361e-01
1.490390469166669452e-01
1.464561770990345513e-01
1.442556792072921534e-01
1.420451725450718183e-01
1.399538770253956899e-01
1.380394487017553573e-01
1.361365960658154628e-01
1.342082212272490416e-01
1.322545191521426189e-01
1.303112689810328462e-01
1.283408426987788786e-01
1.267099933006588797e-01
1.251027259173554951e-01
1.234911192440861782e-01
1.218999924273863472e-01
1.203255828699126839e-01
1.195135977159564322e-01
1.190662837564844256e-01
1.187895574029378121e-01
1.186780638839292079e-01
1.187272197443580424e-01
1.189377295468012907e-01
1.193096751068894318e-01
1.198516732016892128e-01
1.205564395088717239e-01
1.214146806931704625e-01
1.224211079163401023e-01
1.235686896524747225e-01
1.248485607248745466e-01
1.262499839677755087e-01
1.277603648049017715e-01
1.293653173591930994e-01
1.310487792159995557e-01
1.327931706820062174e-01
1.345795933312146364e-01
1.363909129618487148e-01
1.382247307333736852e-01
1.400425508367997840e-01
1.418248659669526512e-01
1.435819278074243477e-01
1.452622571711715271e-01
1.468781348622933414e-01
1.483904040358014764e-01
1.498072711746770147e-01
1.510885967433643895e-01
1.522557826027076122e-01
1.532592575604709573e-01
1.541258099002870141e-01
1.548182198571336765e-01
1.553389616314002908e-01
1.556902453772073813e-01
1.558389825129024298e-01
1.558300166505655893e-01
1.556154672921853388e-01
1.552183549899563697e-01
1.546420861482634412e-01
1.538675739553541644e-01
1.529352116020887553e-01
1.518212757331328100e-01
1.505311590043524606e-01
1.491020235900806512e-01
1.475073652421492465e-01
1.457703618850961225e-01
1.439091175484685237e-01
1.419077740078473204e-01
1.398063102548025294e-01
1.375904930874801702e-01
1.352794404125758077e-01
1.328871819505965390e-01
1.304129410262594158e-01
1.278838005804247280e-01
1.252926913364624806e-01
1.226661140750890250e-01
1.203718939384963854e-01
1.201045727103706579e-01
1.197186783088674406e-01
1.192379788918113970e-01
1.186600265523294201e-01
1.179943993269940428e-01
1.172476575522353737e-01
1.164262340768235232e-01
1.155336563954453138e-01
1.145853425443351531e-01
1.135694728147642885e-01
1.125221789243653209e-01
1.114193791169255515e-01
1.102858128929253279e-01
1.091240747815868523e-01
1.079278622537091087e-01
1.067261598814039092e-01
1.055057881966215277e-01
1.042689497530943643e-01
1.030420165436978924e-01
1.018096294886198516e-01
1.005754140575418343e-01
9.935802800711800165e-02
9.815047119015253563e-02
9.695233751516034448e-02
9.577100187645730400e-02
9.461562013743653188e-02
9.347775583883971562e-02
9.235981126893869075e-02
9.216152314379846833e-02
9.302775876426677693e-02
9.390538724094361911e-02
9.480155498845234396e-02
9.572567454487551641e-02
9.668008966180542674e-02
9.767291482721317253e-02
9.869975116302566465e-02
9.976165952647160495e-02
1.008575913965680387e-01
1.019831646108554507e-01
1.031321253567253904e-01
1.043029729413495754e-01
1.054873687735317783e-01
1.066801169493477308e-01
1.078781375765864581e-01
1.090829889532813207e-01
1.102860382913820048e-01
1.114812654515991014e-01
1.126709004875688230e-01
1.138467516287038489e-01
1.150078370714122389e-01
1.161506048493191334e-01
1.172657734311535471e-01
1.183579772838688066e-01
1.194132704487955027e-01
1.204368245531542703e-01
1.214153459977438954e-01
1.223565421251606999e-01
1.232469092442233100e-01
1.240912744287090835e-01
1.248831486907355098e-01
1.256189844175470971e-01
1.263036962517266049e-01
1.269285919812102870e-01
1.274961711158812960e-01
1.280097513696744627e-01
1.284630400529955530e-01
1.288589531824397838e-01
1.292043781888489729e-01
1.294933532564334078e-01
1.297275836123145676e-01
1.299157736825923837e-01
1.300549273744076584e-01
1.301464851887413898e-01
1.301940969150840177e-01
1.302069615711731743e-01
1.301817157974211880e-01
1.301213076025495297e-01
1.300282852775046794e-01
1.299095147109349813e-01
1.297630821841120607e-01
1.295910662289652404e-01
1.293959797933882661e-01
1.291926066083207980e-01
1.292584519696158840e-01
1.292798252235566048e-01
1.292613731699883139e-01
1.292075140389485066e-01
1.291204653467298569e-01
1.290025099188362168e-01
1.288547770740516019e-01
1.286795632053951144e-01
1.284794029899070933e-01
1.282544553029315859e-01
1.280043366083346568e-01
1.282562249960858547e-01
1.288598005914559363e-01
1.294048696084526551e-01
1.298876362860451605e-01
1.303058371115252412e-01
1.306576573430397181e-01
1.309398396107848972e-01
1.311514733433500335e-01
1.312923638333953757e-01
1.313602316284851190e-01
1.313523066557623076e-01
1.312672262292500502e-01
1.311071853355142147e-01
1.308701239117080195e-01
1.305559185718427051e-01
1.301650785876959093e-01
1.296976271922759827e-01
1.291564551142671269e-01
1.285456659003060553e-01
1.278716370631096944e-01
1.271385948824339251e-01
1.263488052729971056e-01
1.255097112991789277e-01
1.246279719880890036e-01
1.237101327429350056e-01
1.229211176201503858e-01
1.229070917726790835e-01
1.228368777141545520e-01
1.227146509186456125e-01
1.225455799652179212e-01
1.223356573354829890e-01
1.220916042735163548e-01
1.218176665093644445e-01
1.215199139611913143e-01
1.212085607330333076e-01
1.208851982828705873e-01
1.205551852760417819e-01
1.202249840046887563e-01
1.198991598980215512e-01
1.195773945333854227e-01
1.192677737274541738e-01
1.189689399232695538e-01
1.186844098467147723e-01
1.184165803407398604e-01
1.181627196897901549e-01
1.179273757681751494e-01
1.177039680965970420e-01
1.174985290827740697e-01
1.173009108524543931e-01
1.171162564973032422e-01
1.169342850492969821e-01
1.167609296452859352e-01
1.165849352168005226e-01
1.164088457311211605e-01
1.162241528472636592e-01
1.160304976981894609e-01
1.158223086215964953e-01
1.155955968938131573e-01
1.153478422943556847e-01
1.150741552825297748e-01
1.147754772699579179e-01
1.144435250465472981e-01
1.140815677655877547e-01
1.136798319369006494e-01
1.132424196740537542e-01
1.127649103664608715e-01
1.122485009961742969e-01
1.116929092588940520e-01
1.110945939956492490e-01
1.104619826782960029e-01
1.097894245842729322e-01
1.090826623653934485e-01
1.083435778911429476e-01
1.075716897534959304e-01
1.067757584337081234e-01
1.059523071044692205e-01
1.051075309323765417e-01
1.042442469095264806e-01
1.033626485471473427e-01
1.024692314114858255e-01
1.015654778383217466e-01
1.006525846215044762e-01
9.973421851718083930e-02
9.881511552221194927e-02
9.789500524773728229e-02
9.697603965082345068e-02
9.606000466880357247e-02
9.514905560877055801e-02
9.424542725990693592e-02
9.334867901701641990e-02
9.245957146472207067e-02
9.157883118833971825e-02
9.070696467007058339e-02
8.984418272915210835e-02
8.899044143371399873e-02
8.814529075097356225e-02
8.730786074900480365e-02
8.647725759718416505e-02
8.565274642956573203e-02
8.483518851103331870e-02
8.402239228047737873e-02
8.321310251574955130e-02
8.240614184895160566e-02
8.160052343504128891e-02
8.079745406499480587e-02
7.999582120495893345e-02
7.919381243238154955e-02
7.839105687296125946e-02
7.758956726426648187e-02
7.678844292246732317e-02
7.598638999428457275e-02
7.518437795088579734e-02
7.438530658038042254e-02
7.358648375551658793e-02
7.278942024702753089e-02
7.199762217914082441e-02
7.120846380720906310e-02
7.042559946955914696e-02
6.964958304530292910e-02
6.888045318744878687e-02
6.812266577948702939e-02
6.737374582140441548e-02
6.663918921210727764e-02
6.591669347886928987e-02
6.521010481796477021e-02
6.451834329965146220e-02
6.384460115362777799e-02
6.318696089519715287e-02
6.254983709376611689e-02
6.192991329435403036e-02
6.133097741607254627e-02
6.075074249166985407e-02
6.019035344463133375e-02
5.964964102088583797e-02
5.912680483802489062e-02
5.885793469565358399e-02
5.879803386185868119e-02
5.874406887155841916e-02
5.869499648011616832e-02
5.865067003432428844e-02
5.861078448063027080e-02
5.857474138679023140e-02
5.854278022842295676e-02
5.851331108736618908e-02
5.848505763271031471e-02
5.845688012222319957e-02
5.842750587176316623e-02
5.839702849996612072e-02
5.836286870801987020e-02
5.832317736667953084e-02
