3.122674012593739667e-01
3.270020435130951975e-01
3.856811058072585618e-01
3.970411574041253222e-01
3.134798330605891858e-01
3.076443440613451652e-01
3.572419529697733465e-01
3.699425655913928246e-01
3.187249738644242769e-01
4.037567651527176893e-01
5.016808485721110378e-01
5.825141898387407036e-01
7.028506933876520479e-01
6.867248370152890802e-01
7.352310448621618422e-01
6.779148531580790893e-01
6.918615269829736514e-01
7.907260988844672100e-01
8.332744535676669395e-01
7.988287547475448891e-01
7.703575559539891371e-01
8.212748202628961103e-01
7.098324283995787187e-01
5.833854750395986999e-01
5.623427053541188991e-01
5.861134702893048276e-01
6.112226216150442593e-01
5.666057572511299378e-01
4.884601475674146265e-01
5.260337962256098621e-01
5.733133381974290232e-01
5.677906194584155797e-01
5.753848808024388806e-01
5.324790878949957618e-01
4.735435757693824410e-01
4.459710793517733252e-01
4.513781473775794750e-01
4.757681382697996897e-01
5.011167483497273034e-01
5.036505742344039582e-01
4.774441742596390315e-01
4.588106972245002413e-01
4.818304869359462117e-01
5.342377199312409175e-01
5.785205720783438421e-01
5.959639747277409860e-01
5.841241321207709669e-01
5.621473004292659725e-01
5.475053160538272401e-01
5.443891635265093454e-01
5.589743430322189344e-01
5.899025890439795194e-01
6.224775640193251913e-01
6.420030649212162821e-01
6.447453780366777520e-01
6.370650313610518589e-01
6.249545481214966447e-01
6.152364006838935140e-01
5.983085765781889220e-01
5.817296617009980464e-01
5.694235816759337654e-01
5.644104035552200971e-01
5.682256550754193336e-01
5.740790485242126540e-01
5.728305606531945982e-01
5.650635813522136841e-01
5.534690894077194390e-01
5.407089311790562736e-01
5.329540870352849069e-01
5.315469520498549150e-01
5.329338974923594208e-01
5.339213084379401675e-01
5.329156445190532665e-01
5.305356995284445931e-01
5.272664651511654865e-01
5.245542742080371301e-01
5.221564084710303977e-01
5.160053440893300758e-01
5.052823030520443570e-01
4.907158780079469707e-01
4.738214454058215508e-01
4.562457457916397341e-01
4.434115506764302883e-01
4.349170359643682593e-01
4.272058064877640726e-01
4.200632465125239134e-01
4.129108479873973558e-01
4.049368997710610096e-01
3.953301036833875015e-01
3.834220035639768764e-01
3.688810837171864754e-01
3.518643176652807569e-01
3.330593942520528872e-01
3.139169418690610502e-01
2.959946143907799532e-01
2.810269995074231586e-01
2.704696807795718971e-01
2.649736287180523564e-01
2.643981886849520180e-01
2.678561296389637691e-01
2.739903234127777920e-01
2.813498035074506465e-01
2.887730473715455215e-01
2.956661386336065234e-01
3.018857273738964619e-01
3.076386633556026928e-01
3.133422777781048607e-01
3.194622890677162319e-01
3.263682596226898935e-01
3.342435976289005461e-01
3.430988539680631666e-01
3.526166528003448208e-01
3.625131429575488839e-01
3.722878663684552336e-01
3.815201700955193065e-01
3.898337063590618934e-01
3.969517852441680206e-01
4.026691010540807136e-01
4.068871984165311484e-01
4.096025426137435144e-01
4.108728993772515214e-01
4.107965109809300630e-01
4.094946403976882365e-01
4.070987256249800068e-01
4.037429682174363266e-01
3.995612639232399288e-01
3.946857600805169231e-01
3.892445025878512599e-01
3.834353984805721760e-01
3.773031983577952997e-01
3.709431657720894671e-01
3.644470132073099888e-01
3.580049972253084856e-01
3.515804241858819235e-01
3.452244007789656011e-01
3.390829734131968198e-01
3.330498192221214016e-01
3.271609136892640324e-01
3.214200015533961730e-01
3.157163507250500545e-01
3.100601884886340920e-01
3.043740873791393464e-01
2.985759043086255171e-01
2.926345990048295209e-01
2.865466327959913517e-01
2.802513255567167239e-01
2.737513494684399307e-01
2.670657435006728031e-01
2.602757083713633790e-01
2.534371871144835420e-01
2.466970363199592897e-01
2.401748836448026336e-01
2.338498147473273836e-01
2.276444592506379205e-01
2.215663746751976304e-01
2.156522682471179730e-01
2.099314212546445901e-01
2.044554977516178096e-01
1.992648481717280429e-01
1.944080121939119332e-01
1.899257324578952633e-01
1.858497113987866711e-01
1.822018719686419874e-01
1.789941717701119817e-01
1.762393974255923035e-01
1.739226484302242304e-01
1.720300934504069013e-01
1.705384428244178796e-01
1.694069770886384996e-01
1.686077794615913894e-01
1.680875835659041417e-01
1.678022878125199902e-01
1.677071892052521829e-01
1.677578453062236186e-01
1.679109681239528418e-01
1.681359981700808193e-01
1.683865016477627541e-01
1.686285005513770696e-01
1.690174434334969500e-01
1.698223910902853240e-01
1.704777027587347227e-01
1.709809466740453698e-01
1.712961345603096486e-01
1.714387647596690434e-01
1.713968887615096304e-01
1.711697660679031008e-01
1.707696118601625956e-01
1.702159785365760514e-01
1.695251050891646294e-01
1.687050818340818659e-01
1.677594449142693345e-01
1.666899667246501404e-01
1.654958384635001611e-01
1.641784973982073348e-01
1.627659171335386623e-01
1.612629209235507954e-01
1.597000070283401685e-01
1.580811575069353547e-01
1.564406703238840068e-01
1.547885065787769354e-01
1.531390994400001759e-01
1.515094721313600401e-01
1.499218288611127436e-01
1.483799565622705152e-01
1.468937077956177506e-01
1.454719793982816867e-01
1.441218823117098868e-01
1.428487102541645959e-01
1.416619715778904831e-01
1.405638100338952312e-01
1.395514947817655949e-01
1.387931400240841606e-01
1.385244345196138260e-01
1.383450341074811685e-01
1.382296723434971730e-01
1.381904178767704161e-01
1.382013773667130629e-01
1.382685306958232052e-01
1.383691540081875559e-01
1.385065679718746334e-01
1.386561671708436971e-01
1.388256244897298486e-01
1.389869432856783160e-01
1.391461154393087152e-01
1.392844746138156009e-01
1.393924349825588493e-01
1.394744547253270739e-01
1.395097779231574686e-01
1.394938841012613728e-01
1.394334495986956357e-01
1.393119272200411818e-01
1.391267534951392271e-01
1.388760942315130364e-01
1.385610152157464858e-01
1.381803686758954763e-01
1.377302883870562267e-01
1.372107904912174547e-01
1.366221373560657371e-01
1.359648882477472454e-01
1.352401515030100254e-01
1.344497617824028379e-01
1.335962157396271277e-01
1.326825597887935637e-01
1.317123128016809142e-01
1.306893655234543372e-01
1.296179175656073379e-01
1.285099654934564462e-01
1.273631878136541884e-01
1.261862340938356697e-01
1.249828886356046803e-01
1.237549336276168033e-01
1.225050091153856574e-01
1.212301369088223946e-01
1.199330785883198358e-01
1.186176193295308129e-01
1.172824407536263158e-01
1.159299731696729341e-01
1.145629881086278612e-01
1.131847814065645164e-01
1.117991006236136731e-01
1.104099624453380862e-01
1.090216007703014162e-01
1.076416857133494637e-01
1.062829626688422263e-01
1.049823695426631426e-01
1.037391594443808351e-01
1.025183467008110721e-01
1.013106924817821358e-01
1.001141089321370553e-01
9.892657016717526508e-02
9.774832687584804336e-02
9.658047345054437960e-02
9.542605590198387222e-02
9.428396744138781149e-02
9.315544581896972876e-02
9.204170906824449272e-02
9.094388139056580611e-02
8.986416188451207265e-02
8.880365462973592583e-02
8.776191316584897040e-02
8.673987769463779862e-02
8.573818936355208364e-02
8.475701562085066754e-02
8.379597031289652553e-02
8.285592695058922874e-02
8.193648787969823322e-02
8.103556903157774216e-02
8.015305328046110067e-02
7.929207188825863895e-02
7.844858208131862132e-02
7.762308900623826613e-02
7.681834983129910699e-02
7.603086722212135107e-02
7.526040568102988770e-02
7.450969979078148064e-02
7.377505592909731902e-02
7.305582021649831281e-02
7.235461868014880782e-02
7.166701410475427581e-02
7.099500897218577466e-02
7.033726461410813591e-02
6.969213725241428514e-02
6.906224909958344482e-02
6.844372322765816807e-02
6.783807482047655990e-02
6.724468431796827572e-02
6.666148986816582134e-02
6.609048360106559161e-02
6.554320440859756625e-02
6.504734808258683110e-02
6.456199150585208157e-02
6.408671923965778006e-02
6.362111657048626079e-02
6.316477109212745300e-02
6.271727415444391940e-02
6.227822218411874916e-02
6.184721788278212118e-02
6.142387130795618627e-02
6.100780084226947036e-02
6.059863405637724160e-02
6.019600847096661517e-02
5.979957222316738957e-02
5.940983503767402474e-02
5.902625855294838658e-02
5.864787092867702195e-02
5.827436823959390028e-02
5.790545910097379123e-02
5.754086488038910596e-02
5.718031984730187478e-02
5.682357126477820958e-02
5.647037942744788375e-02
5.626882175577167106e-02
5.672008676589932602e-02
5.709678438643715770e-02
5.740525410748413548e-02
5.765232158319163330e-02
5.784582669002027305e-02
5.799488898248652408e-02
5.810933253759245631e-02
5.819945036161013746e-02
5.827712201085331195e-02
5.835220193830737562e-02
5.843566440405227602e-02
5.853921814245233862e-02
5.867247021415025743e-02
5.884485032063233728e-02
5.906560707270675642e-02
5.934267352387759958e-02
5.968190553857096597e-02
6.008835950862248532e-02
6.056556168899938919e-02
6.111546669616123306e-02
6.173844633167380885e-02
6.243330721105141284e-02
6.319733525218926284e-02
6.402755007104135587e-02
6.491822952645763534e-02
6.586312863989519928e-02
6.685608787874558478e-02
6.788963447625392944e-02
6.895546912628228164e-02
7.004567016607501917e-02
7.115190169954194177e-02
7.226566862159214399e-02
7.338033881337979736e-02
7.448577012608932624e-02
7.557639824721820720e-02
7.664406420657453312e-02
7.768194584066587249e-02
7.868390534510803780e-02
7.964424711870222995e-02
8.055850474819370444e-02
8.142176170544718206e-02
8.222953183996127569e-02
8.297875246208032129e-02
8.366607812596561777e-02
8.428795722577304972e-02
8.484183632846861722e-02
8.532656918127765056e-02
8.573969758948075948e-02
8.608016375306297430e-02
8.634713392370088614e-02
8.654003813141805668e-02
8.665845577412212286e-02
8.670255962824451046e-02
8.667250403126684766e-02
8.656892801059735965e-02
8.639251972201396346e-02
8.614416996485903255e-02
8.582510012342640937e-02
8.543683574820730431e-02
8.498137222896899601e-02
8.446063335798528748e-02
8.387717285302796755e-02
8.323366900840166449e-02
8.253301759119695269e-02
8.177860593017116653e-02
8.097418091951838481e-02
8.012227525497807312e-02
7.922604665257136636e-02
7.828869914008466935e-02
7.731373657293072466e-02
7.630596201518821675e-02
7.526737075591455328e-02
7.420138793767520891e-02
7.311253264563143117e-02
7.200273071926518997e-02
7.087673752832626684e-02
6.973748410029771694e-02
6.858830921582863283e-02
6.743306415319781644e-02
6.627557224951427517e-02
6.511912111145896909e-02
6.396731612179722137e-02
6.282334466539733764e-02
6.169029959880861086e-02
6.057135933183147025e-02
5.947064859443946389e-02
5.839033126718179423e-02
5.733365728391522781e-02
5.630414227615833378e-02
5.530415616964513836e-02
5.433652563549230818e-02
5.340407461808230338e-02
5.250872727090628161e-02
5.165287485236095405e-02
5.083879723240863902e-02
5.006821314468123257e-02
4.934246281169858694e-02
4.866301535326942457e-02
4.803096567066528905e-02
4.744704480256325962e-02
4.691163211664969163e-02
4.642476916290585315e-02
4.598617501387976952e-02
4.559562879686662740e-02
4.525231066434864946e-02
4.495468002953308118e-02
4.470169425685682763e-02
4.449175530377292437e-02
4.432252893235319458e-02
4.419222594014018263e-02
4.409867728899532352e-02
4.403907400244278653e-02
4.401091245558427789e-02
4.401159113299131509e-02
4.403843118868670109e-02
4.408869652431839092e-02
4.415961328554372789e-02
4.424838868520545448e-02
4.435222907052443347e-02
4.446860046609670686e-02
4.459528017059036925e-02
4.472919967083880538e-02
4.486870619923587211e-02
4.501116992371754361e-02
4.515447187489270153e-02
4.529677522957283042e-02
4.543632124240831738e-02
4.557143406244996281e-02
4.570053292867500699e-02
4.582214120668370166e-02
4.593488617387525563e-02
4.603749590261965730e-02
4.612925468256571376e-02
4.620913128905618922e-02
4.627611138090215182e-02
4.632997415446771239e-02
4.636981847602247159e-02
4.639511088956636137e-02
4.640611157104000684e-02
4.640201104258263182e-02
4.638277692981948586e-02
4.634837977035186074e-02
4.629877345107922398e-02
4.623402661309759798e-02
4.615429554344728513e-02
4.605971260759204877e-02
4.595047200558839001e-02
4.582686934058203404e-02
4.568922163021791466e-02
4.553783694479288102e-02
4.537312660049513252e-02
4.519553553531224094e-02
4.500547728834817379e-02
4.480342612515641337e-02
4.459002102317447674e-02
4.436582235050262613e-02
4.413124758656105512e-02
4.388687476266892734e-02
4.363328132891384353e-02
4.337108539877216479e-02
4.310085642814000945e-02
4.282318878604039758e-02
4.253871704228800316e-02
4.224805422400196991e-02
4.195178663622615295e-02
4.165050580689359100e-02
4.134479944089771569e-02
4.103524486154555562e-02
4.072241314805109813e-02
4.040686898288934487e-02
4.008916253188284790e-02
3.976998047495355904e-02
3.944998751318162106e-02
3.912945137136793206e-02
3.880907149266648454e-02
3.848950498139552118e-02
3.817093827618579793e-02
3.785435293658214601e-02
3.753976450774531431e-02
3.722798831840644362e-02
3.691934077733825814e-02
3.661412776909588745e-02
3.631303681399023625e-02
3.601634734431879981e-02
3.572433989632416151e-02
3.543738594763225225e-02
3.515582503443942519e-02
3.487996315945693371e-02
3.461007228727842194e-02
3.434639183973951793e-02
3.408912900577586169e-02
3.383845940142688608e-02
3.359452756765505393e-02
3.335744725577680786e-02
3.312730257776747705e-02
3.290414929475247302e-02
3.268814021696777455e-02
3.247930848212140370e-02
3.227749525332344882e-02
3.208265007140488623e-02
3.189495398515160285e-02
3.171415744696561012e-02
3.154005887202335906e-02
3.137279101916366081e-02
3.121205259491072886e-02
3.105756666842294372e-02
3.090952201465570898e-02
3.076737489602399817e-02
3.063101891387375389e-02
3.050038476429517420e-02
3.037497178128606770e-02
3.025482367401313710e-02
3.013952712391174474e-02
3.002876498037910374e-02
2.992258452801315263e-02
2.982039591255490618e-02
2.972208922680865187e-02
2.962748285778303570e-02
2.953611597535197794e-02
2.944790562447348672e-02
2.936259630451234365e-02
2.927979206876874310e-02
2.919937180669559748e-02
2.912117149865048327e-02
2.904479599379400367e-02
2.897003943371080290e-02
2.889690352471764936e-02
2.882502280495024063e-02
2.875417830214155313e-02
2.868419665238130731e-02
2.861505395815509487e-02
2.854651217775374186e-02
2.847837061680755233e-02
2.841050022242208248e-02
2.834278277080324801e-02
2.827523414362590609e-02
2.820766917002682367e-02
2.813996473839790180e-02
2.807204783347349089e-02
2.800385528122735848e-02
2.793533978524911573e-02
2.786659700778405802e-02
2.779745453914131761e-02
2.772789483541757138e-02
2.765791125547928386e-02
2.758750646598497405e-02
2.751672753596148477e-02
2.744567730309368028e-02
2.737427195087262580e-02
2.730255151919159726e-02
2.723056336542923825e-02
2.715836672700627091e-02
2.708619051655178356e-02
2.701393904841940460e-02
2.694168902862603340e-02
2.686952276920612226e-02
2.679766505491549405e-02
2.672614616581990912e-02
2.665499719992724809e-02
2.658432226698484793e-02
2.651446064588012727e-02
2.644529371018736197e-02
2.637693383212596360e-02
2.630972739856093576e-02
2.624360187287165178e-02
2.617866797862335171e-02
2.611528529411663233e-02
