2.406944966011443643e-01
2.389426032541445699e-01
2.470045423159557274e-01
2.488690742812343926e-01
2.715731840680529197e-01
2.583427998452305085e-01
2.434591701000999864e-01
2.803792453685517994e-01
2.660748570752943243e-01
3.091856066181938867e-01
3.499260365548320650e-01
3.784209184879422927e-01
3.723525022702072751e-01
4.011379975756871330e-01
3.451847469496505116e-01
3.924144639137355228e-01
4.302744016459827958e-01
4.460659622077961517e-01
4.231703322812386259e-01
4.026338959660892836e-01
4.210340612532379456e-01
4.422384983899228517e-01
4.559254488694968743e-01
5.411036877161262693e-01
5.745341103024734775e-01
5.241452343048194074e-01
4.546812629536977624e-01
4.398582646381505312e-01
3.765508454316717768e-01
3.721434937592842940e-01
3.889135683057919346e-01
4.160892955505964275e-01
4.428751858053767143e-01
4.547038894008272880e-01
4.523796924879060488e-01
4.536000696185251146e-01
4.515582657128827115e-01
4.527774984327329610e-01
4.722190325824958679e-01
4.453137216262926801e-01
4.488995374627399726e-01
4.431370223577394407e-01
4.287532475260083520e-01
4.062870282376789821e-01
4.101849301543650239e-01
4.463743992334591737e-01
4.801479811983482837e-01
5.096479204488686410e-01
5.319737798096856318e-01
5.380810409391426630e-01
5.220941508969151323e-01
4.966438739188229201e-01
4.977338679858118731e-01
4.983346108790671081e-01
4.924918616424238671e-01
4.873316495379271807e-01
4.811115013835976506e-01
4.793092216140357742e-01
4.750447723624542373e-01
4.732113860743570877e-01
4.699341922005391137e-01
4.619833320559917911e-01
5.049697523951934830e-01
5.385679935843160626e-01
5.623863135400976043e-01
5.793049562399614771e-01
5.878484146749041184e-01
5.868703482908506075e-01
5.757698850105923416e-01
5.595216062653282085e-01
5.362496472376138135e-01
5.096399269135100107e-01
4.827663596888103759e-01
4.734682351973461545e-01
4.661086224461979399e-01
4.565231230064321077e-01
4.473232255797108259e-01
4.360246785017106164e-01
4.229576973940823437e-01
4.204260596154247298e-01
4.194316386442717426e-01
4.158423348517954476e-01
4.085140347539845118e-01
4.020615488646990254e-01
3.948900328154701933e-01
3.937157238281856486e-01
4.043225801238188311e-01
4.168500340321091291e-01
4.306719983720870837e-01
4.467426685619310112e-01
4.613890512004856781e-01
4.763596054992668138e-01
4.883328600350548832e-01
4.977329861792972876e-01
5.047753138768037440e-01
5.077416182458870386e-01
5.081489786730286617e-01
5.054755806208155455e-01
4.990796104301286062e-01
4.914283958477011494e-01
4.806370532750915414e-01
4.694670962001220027e-01
4.574850463667690659e-01
4.450500757483279446e-01
4.342877965581649069e-01
4.250966239546764558e-01
4.176650620538963077e-01
4.124807753411326439e-01
4.098273387392666889e-01
4.098100808611926937e-01
4.123766370420557936e-01
4.173256797733569390e-01
4.245429682289441065e-01
4.339290286086390225e-01
4.444856673916788847e-01
4.555333516706094321e-01
4.663495780070674446e-01
4.779207215958722332e-01
4.884436207011950137e-01
4.979012165794583500e-01
5.069682150686528610e-01
5.142901963352555228e-01
5.213483344941116648e-01
5.267729124084153947e-01
5.316138653977259265e-01
5.354356991030693180e-01
5.378964394286205319e-01
5.403211592471489633e-01
5.413093612389415776e-01
5.413571341813332438e-01
5.413223638875922505e-01
5.402595338118072466e-01
5.381210154602429352e-01
5.356009353354985736e-01
5.323120765632272100e-01
5.275812707164407867e-01
5.226773474435839617e-01
5.168386202470263147e-01
5.097886381382544796e-01
5.031392520287765180e-01
4.954943174003962336e-01
4.871435538872307958e-01
4.791472895281590483e-01
4.704889459708516686e-01
4.614015106457461934e-01
4.526117499488204188e-01
4.437751820615316034e-01
4.351490591978109390e-01
4.286330854797014700e-01
4.245264447281216214e-01
4.206630919168166116e-01
4.163124165131063537e-01
4.113464685121711595e-01
4.065861773689113390e-01
4.015469113270149770e-01
3.960458637934627935e-01
3.905020680758405360e-01
3.851272426873905697e-01
3.794232339935080245e-01
3.734361819758305612e-01
3.677121145053851570e-01
3.619782743603290331e-01
3.559985059158503606e-01
3.497874761495642359e-01
3.437098856074647935e-01
3.376904969151702240e-01
3.314356411925274970e-01
3.249631824085516540e-01
3.182967360003881030e-01
3.119524350166806292e-01
3.054687590448014745e-01
2.988569260444494113e-01
2.921640921448802053e-01
2.854406045714997786e-01
2.788734493456585528e-01
2.725622101239084105e-01
2.663311162924170694e-01
2.602255918186149319e-01
2.542851978186814188e-01
2.485424872488675441e-01
2.430223137308958337e-01
2.377415987711590517e-01
2.327095271575012336e-01
2.279920600635433336e-01
2.235790004673143538e-01
2.193900796220855098e-01
2.154140402503320617e-01
2.116364370497187952e-01
2.080408279219426448e-01
2.046098847085069394e-01
2.013263742338074480e-01
1.981739758404992002e-01
1.951379165987844611e-01
1.922054190070430491e-01
1.893659675943311083e-01
1.866114099867755838e-01
1.839359145647801452e-01
1.813358108823428794e-01
1.788093407712842420e-01
1.763569448015239738e-01
1.740364608410771008e-01
1.717883059768573473e-01
1.696151862459319148e-01
1.675200902113916368e-01
1.655059896918299189e-01
1.635755788622699491e-01
1.617310568265245552e-01
1.599739557611555008e-01
1.583050142644919778e-01
1.567240936328510581e-01
1.552301334126443833e-01
1.538211416944987031e-01
1.524942151573135951e-01
1.512455837592931451e-01
1.500706751292439356e-01
1.489641940576897083e-01
1.479202129537199317e-01
1.469322696602680667e-01
1.459934695596271370e-01
1.450965894164056580e-01
1.442670355944038474e-01
1.434839106725158131e-01
1.427222559745656150e-01
1.419745561350977126e-01
1.412334078192715447e-01
1.404916045660787316e-01
1.397422154193581900e-01
1.389786567751200574e-01
1.381947569485922067e-01
1.374084155940581142e-01
1.366431676884443669e-01
1.359707034991423646e-01
1.365700229090074935e-01
1.371492836411517535e-01
1.376413953134964230e-01
1.380392071080932259e-01
1.383228711421493340e-01
1.384616912352887030e-01
1.384197439971331656e-01
1.381682762024941669e-01
1.377006088410334950e-01
1.370307715350863043e-01
1.361072156403851652e-01
1.349200818677881997e-01
1.334667900144514141e-01
1.317532213866615953e-01
1.312280861661807574e-01
1.310349131773256293e-01
1.306069727605352615e-01
1.300283379241308768e-01
1.293046368268930546e-01
1.284681931698771207e-01
1.281669310091447800e-01
1.277882077914758996e-01
1.272505249553725348e-01
1.269451207469739218e-01
1.266306082679936329e-01
1.261962270319343105e-01
1.257563656571403232e-01
1.252749602417094765e-01
1.247869410067659196e-01
1.243317018374313354e-01
1.238631496983210872e-01
1.234843368706926986e-01
1.230893891685015673e-01
1.228160510295372293e-01
1.225354920904631745e-01
1.223771834657684104e-01
1.222182481296107542e-01
1.221825678576753116e-01
1.221357642376544178e-01
1.222117128860345375e-01
1.222648178241103195e-01
1.224151087048422765e-01
1.225344373212440552e-01
1.227182374202384768e-01
1.228596205726164153e-01
1.230278227457874823e-01
1.231402964838498315e-01
1.232374058373359310e-01
1.232669142543377089e-01
1.232327076883546341e-01
1.231256212631377800e-01
1.232999889716470121e-01
1.236553039215042143e-01
1.240109643958360874e-01
1.243025967921169983e-01
1.245006504832558009e-01
1.246700902536128364e-01
1.247023988893577878e-01
1.246681465356337254e-01
1.245255712766006884e-01
1.242710616114704458e-01
1.239502895370130503e-01
1.239531218124384632e-01
1.240382085786294469e-01
1.239505729566992009e-01
1.238100233566247627e-01
1.234963006779827427e-01
1.231277977551585856e-01
1.225844745287302251e-01
1.219798005925438189e-01
1.212095007599012092e-01
1.203637140559258994e-01
1.193747284189333041e-01
1.182942008535577127e-01
1.170998134147420017e-01
1.157980454433637091e-01
1.144157770779003630e-01
1.129089078972635302e-01
1.113597192187322921e-01
1.096812083055357379e-01
1.079772124901161590e-01
1.061716015577242600e-01
1.043226752563382320e-01
1.024161336430652186e-01
1.004527550657063617e-01
9.847197916307251497e-02
9.642484962204801724e-02
9.438985508940662961e-02
9.231258063772032618e-02
9.122927908402772568e-02
9.156185979229515548e-02
9.189629747100457047e-02
9.219839502383347929e-02
9.246897108659048181e-02
9.270885834427670946e-02
9.291889780724700565e-02
9.309993362770546677e-02
9.327215756553791648e-02
9.343411171332906273e-02
9.356913404183969662e-02
9.367801841409989505e-02
9.376154649480800130e-02
9.382048567895835689e-02
9.385558752250118542e-02
9.389859837644934371e-02
9.392243327811494735e-02
9.392405046577440020e-02
9.390411967445522201e-02
9.386329448922640928e-02
9.380221296855080493e-02
9.374620567517150116e-02
9.367854308925141482e-02
9.359188267119784854e-02
9.348680328727722311e-02
9.336387505981993962e-02
9.323464348290308457e-02
9.310789738183332387e-02
9.296438165488211947e-02
9.280464044772261667e-02
9.262921734158481579e-02
9.244866330167098023e-02
9.227165721422321554e-02
9.207999716684514557e-02
9.187423216578036178e-02
9.165491713350400194e-02
9.143157723723219221e-02
9.121284533501819447e-02
9.098164167523684065e-02
9.073854730624550391e-02
9.048415219520011821e-02
9.022661249482280543e-02
8.997516272645637858e-02
8.971359557902712500e-02
8.944253323916769027e-02
8.916260586922650222e-02
8.888221009768830505e-02
8.860788402553052001e-02
8.832598445664410769e-02
8.803716569952819981e-02
8.774208570634735305e-02
8.744995671737423870e-02
8.716339519182403350e-02
8.687193096668684167e-02
8.657622733185421637e-02
8.627694467223843977e-02
8.598665864564089545e-02
8.569891353044543914e-02
8.540894456527360623e-02
8.511739281556068848e-02
8.483052417256610467e-02
8.455273894317415218e-02
8.427466956784147867e-02
8.399691777187621999e-02
8.372400673337802857e-02
8.346207782843248491e-02
8.320165931390313685e-02
8.294329509576092718e-02
8.268750859959678179e-02
8.244236691757168833e-02
8.220476550868802135e-02
8.197073238999183498e-02
8.174071422770665118e-02
8.151513278663019557e-02
8.129438422975963918e-02
8.108340103755035111e-02
8.088302876443817513e-02
8.068816375448202571e-02
8.049911210270069284e-02
8.031615254383868419e-02
8.013953634909176671e-02
7.996948732618971989e-02
7.980620191988306578e-02
7.965045727662721509e-02
7.950892289858889350e-02
7.937435206898509066e-02
7.924685133353812083e-02
7.912650151552209910e-02
7.901335829516120679e-02
7.890745286047694262e-02
7.880879262424872467e-02
7.871736200163301223e-02
7.863312324289589705e-02
7.855601731567087020e-02
7.848626797389395005e-02
7.842967526982440318e-02
7.837984823252235056e-02
7.833666487596170624e-02
7.829998637662892447e-02
7.826965812395555999e-02
7.824551078490883660e-02
7.822736137781635679e-02
7.821501435069079522e-02
7.831362917013516556e-02
7.881175976851716170e-02
7.929082558950978354e-02
7.977863721582048595e-02
8.024682583135903102e-02
8.069518583313647908e-02
8.113473433352198783e-02
8.157304088184172408e-02
8.199109406536961298e-02
8.238861587174221845e-02
8.278971663510245604e-02
8.317678054018225187e-02
8.354266461329390436e-02
8.389175197640143244e-02
8.424667296725148191e-02
8.457962611934530250e-02
8.489024155924962400e-02
8.519721979270021561e-02
8.549558036297878749e-02
8.577068864260073422e-02
8.602969484748733409e-02
8.629150514765442093e-02
8.652909241306973309e-02
8.674660938812833733e-02
8.696970881021950928e-02
8.716759523657562070e-02
8.734936632574444304e-02
8.753149370094738535e-02
8.768743395761639803e-02
8.783880442767580399e-02
8.797769223082413381e-02
8.809301290374288440e-02
8.821413931162563893e-02
8.830760350350565224e-02
8.839683314253007906e-02
8.847132165002061233e-02
8.852385084055312825e-02
8.857873863830589833e-02
8.860469882175764367e-02
8.862681763017446479e-02
8.863217772961426433e-02
8.861066611483657540e-02
8.859496122132852480e-02
8.854934982043584368e-02
8.848802888362172769e-02
8.842064998851638380e-02
8.832294800055776052e-02
8.821872793004423285e-02
8.809874778815501850e-02
8.794816672152599990e-02
8.779950110197967672e-02
8.762631974489351605e-02
8.742541642579418348e-02
8.722956997018560532e-02
8.700290430397696062e-02
8.676227169455398569e-02
8.651287768629506436e-02
8.623273370657653925e-02
8.595924366437614206e-02
8.565644562282349883e-02
8.534740732680762276e-02
8.541083109550082209e-02
8.569869329679453973e-02
8.597160108603826845e-02
8.622510439698960472e-02
8.648083142271258128e-02
8.672309090983151836e-02
8.694577708279382922e-02
8.717170026773074509e-02
8.738312743492557266e-02
8.757486760601691789e-02
8.777073234615069552e-02
8.795126129439470586e-02
8.811203905874381848e-02
8.827636241523675875e-02
8.842603507933874396e-02
8.855593599861766307e-02
8.868874939979394523e-02
8.880769402829262471e-02
8.890688420089118416e-02
8.901283432969893383e-02
8.910123238231759668e-02
8.917962294855823202e-02
8.925735642137497261e-02
8.931549187688760105e-02
8.938266257029471584e-02
8.943019242357332088e-02
8.948125615655116993e-02
8.951834951738456281e-02
8.955587299837859672e-02
8.958261112618352839e-02
8.960889356744254630e-02
8.962534744472734627e-02
8.964101860215385742e-02
8.964725451735859607e-02
8.965293852505896999e-02
8.964901729184313051e-02
8.964811746407083670e-02
8.963573287982683213e-02
8.963093422045242953e-02
8.961836240092267702e-02
8.960343637975205777e-02
8.959057234145381687e-02
8.956746451273342458e-02
8.955156264378187625e-02
8.952554274697240022e-02
8.949948918329146685e-02
8.946807090016026254e-02
8.943187978169975239e-02
8.939488199377285116e-02
8.934856383021642923e-02
8.930856440327164525e-02
8.925848020697564611e-02
8.921099207845246959e-02
8.915948609358601007e-02
8.910179135177269394e-02
8.904769093899420063e-02
8.898104045270498197e-02
8.892194164256266020e-02
8.884982034625235614e-02
8.878043128247604943e-02
8.870011242337683122e-02
8.862043170559572025e-02
8.852900031080879195e-02
8.843903580823637978e-02
8.833262033542896297e-02
8.823239307167056455e-02
8.811331451620646460e-02
8.799667598308301419e-02
8.786742421454089846e-02
8.773124618163784250e-02
8.759186072174238169e-02
8.743718455451517102e-02
8.728770214168993236e-02
8.711965621737292886e-02
8.695466486053167465e-02
8.677662936372754210e-02
8.664436204156612809e-02
8.675523143358820910e-02
8.687321597280887875e-02
8.699369387335177672e-02
8.711174059337559172e-02
8.723562408620139097e-02
8.735699680766186026e-02
8.747792768112008788e-02
8.760318660395652324e-02
8.772150376644875791e-02
8.784690692613428276e-02
8.796159534093131449e-02
8.808142303482001390e-02
8.819286085277756870e-02
8.829949978609638594e-02
8.840763649251012768e-02
8.850503501471436441e-02
8.859953195764835865e-02
8.869358917253129804e-02
8.877691194978543088e-02
8.885807696430032820e-02
8.893803069684462492e-02
8.900726226105576400e-02
8.908074814824848420e-02
8.914657309585112543e-02
8.921091678120264545e-02
8.927328909096625409e-02
8.932753694237931252e-02
8.938641782522903367e-02
8.943460015431904664e-02
8.947874550629961177e-02
8.952343151993920334e-02
8.955746079446177954e-02
8.958480044158301236e-02
8.961536307882608798e-02
8.963532108949621990e-02
8.964471848691851763e-02
8.965979758255213095e-02
