2.990144057479606210e-01
3.011024753432665069e-01
3.135035292780330995e-01
3.291420953415127859e-01
3.184912264049011288e-01
4.188560057061009312e-01
4.032792948122638776e-01
3.454072326519614378e-01
3.507339306219525166e-01
3.666211400627847339e-01
4.494893580959590795e-01
5.031961090692238514e-01
6.047092295298194253e-01
6.740976556520675844e-01
8.143354181276935000e-01
9.615770668943014465e-01
1.043892799966450236e+00
8.658519566479616625e-01
9.514006253787403722e-01
9.018680925746439536e-01
6.664928869426500757e-01
6.000902587794955112e-01
5.609410166673914899e-01
4.399260316960131867e-01
3.898382062515705071e-01
4.396295066616356939e-01
4.791492660524235281e-01
4.462938833552056450e-01
3.769829024591187516e-01
3.364086430859131172e-01
3.441896724330456570e-01
3.135665110411975376e-01
2.828960709183881428e-01
2.772308692529980023e-01
2.588079131717874182e-01
2.748907135406823410e-01
2.829347373172761970e-01
2.780199970336900694e-01
2.659356013564584953e-01
2.598017856364548406e-01
2.465917483145367017e-01
2.606716949942495254e-01
2.949259878039158789e-01
3.242837943856670124e-01
3.345908740687176808e-01
3.267366215106330962e-01
3.081922160119350274e-01
2.971995412722694407e-01
2.927938832698798732e-01
2.910229829460228568e-01
2.915861042229438427e-01
2.955752171596214839e-01
3.020884482085099965e-01
3.063038376615044855e-01
3.035640406919293821e-01
2.912220695699291872e-01
2.692382337467541520e-01
2.408473537148268506e-01
2.118968109183958781e-01
1.886080739127882488e-01
1.792834863995255990e-01
1.791860194140659501e-01
1.801061649066795778e-01
1.889132248890623977e-01
1.973740113215830538e-01
2.041462470146761243e-01
2.107660706288451702e-01
2.172858687316347737e-01
2.184351111234983656e-01
2.188074783240487042e-01
2.251989934942967286e-01
2.291678459714521499e-01
2.301138065697576340e-01
2.275610186329743434e-01
2.216200960430996236e-01
2.127417687986423722e-01
2.113061759703916964e-01
2.305846935633523997e-01
2.475505646501910684e-01
2.602993438554294103e-01
2.682573390876765718e-01
2.717501937506967558e-01
2.711169692986085678e-01
2.663987198281293489e-01
2.579211455385092555e-01
2.462169645439664101e-01
2.320934956216127720e-01
2.166748925445514951e-01
2.011804879852387706e-01
1.867996884012458614e-01
1.744139484875598112e-01
1.646439628788744780e-01
1.576973365519169223e-01
1.534734055546829457e-01
1.515715515463569307e-01
1.513196421038417727e-01
1.519387010146386607e-01
1.527509884347976743e-01
1.532594376374349920e-01
1.531379801239938221e-01
1.522418433049471942e-01
1.506639851984794554e-01
1.484910431189845337e-01
1.459829433275604549e-01
1.437067187429973691e-01
1.420975583076704296e-01
1.405014505666106472e-01
1.393595097131020977e-01
1.402717676473190789e-01
1.411208214143562512e-01
1.417609193179360516e-01
1.420240302506953767e-01
1.417443056030996684e-01
1.408594455338235685e-01
1.392430544688486316e-01
1.369659376446542565e-01
1.384456246750320196e-01
1.416105393609863594e-01
1.440756089120386052e-01
1.457369767056677090e-01
1.465809292723150303e-01
1.466231477557805307e-01
1.459524781001288185e-01
1.445559248850397938e-01
1.424846297996337219e-01
1.398016171257248363e-01
1.365723729539136955e-01
1.328617721664422102e-01
1.287334250964760896e-01
1.257232677397686627e-01
1.252512819825187806e-01
1.245637011971311020e-01
1.236543623799883501e-01
1.225185323300957141e-01
1.211725844624082504e-01
1.196194683141127701e-01
1.178671864377048017e-01
1.159168195403330326e-01
1.137985360923931127e-01
1.115008649537155005e-01
1.090423860824358132e-01
1.064534584824527591e-01
1.037830076897746645e-01
1.010912638526575008e-01
9.840642482011892345e-02
9.573572495517869430e-02
9.308573851041319902e-02
9.042670036992234150e-02
8.772513311364395217e-02
8.495237356753580771e-02
8.210216449984285292e-02
7.917902453148500941e-02
7.621146614804831521e-02
7.588389057355822420e-02
7.549820425912963373e-02
7.505644435494107647e-02
7.456142727387778113e-02
7.401466930257717680e-02
7.341640745412451874e-02
7.276711432891504183e-02
7.208376777598107799e-02
7.143196771138600465e-02
7.083192495074397410e-02
7.020663222003464821e-02
6.953310478916302495e-02
6.879769725849901874e-02
6.799984920879664774e-02
6.714001512769328384e-02
6.621447647946895887e-02
6.522597185984362056e-02
6.417838891987348582e-02
6.307605421590622985e-02
6.192352308862170834e-02
6.072544552606198853e-02
5.948640922760726341e-02
5.821119078416971820e-02
5.690528479173972976e-02
5.557628143780585228e-02
5.423076810449330154e-02
5.287114817055418164e-02
5.150238346800132400e-02
5.013031138208488141e-02
4.876115488062136849e-02
4.849048287177051830e-02
4.966161811051642699e-02
5.076419610961434292e-02
5.178689507103167999e-02
5.273054516592795560e-02
5.358028434065186668e-02
5.433906577653119241e-02
5.500170446640682137e-02
5.557374149201339125e-02
5.606292574179517346e-02
5.648868965891198912e-02
5.685803094514191997e-02
5.717353135286574323e-02
5.743016157433405988e-02
5.761729803312047593e-02
5.772655278612570662e-02
5.775651207021936795e-02
5.771195111349768786e-02
5.759423767677112477e-02
5.740406585451441474e-02
5.715340616893454379e-02
5.683976537505232296e-02
5.647410759692560178e-02
5.606102504077606352e-02
5.560118687107720031e-02
5.511266990590354270e-02
5.459125849122629243e-02
5.404315481113670244e-02
5.348120342284724826e-02
5.290790966979489612e-02
5.232658937787217079e-02
5.174328332990123236e-02
5.116370860088511469e-02
5.059687996428290091e-02
5.004428636609867254e-02
4.950958012051741991e-02
4.899703109079284191e-02
4.851051463106349770e-02
4.805351113758928039e-02
4.762910935232117504e-02
4.724001287028115753e-02
4.688854932125167269e-02
4.657668172398355538e-02
4.630602154609710086e-02
4.607784304352831317e-02
4.589309849818722087e-02
4.575243401990012476e-02
4.565620562720223291e-02
4.560483331007079283e-02
4.560010547122167468e-02
4.563929742604450057e-02
4.572171839989792180e-02
4.584646764738494612e-02
4.601244881816999449e-02
4.621838379094649757e-02
4.646282599053494500e-02
4.674417322005164355e-02
4.706068005232334067e-02
4.741046983253988795e-02
4.779154634794960388e-02
4.820180522067821216e-02
4.863904507701035523e-02
4.910097854125098499e-02
4.958524309512374328e-02
5.008941183510034340e-02
5.061100415057481761e-02
5.114749633589505545e-02
5.169633213929956950e-02
5.225493324222149627e-02
5.282070965343377278e-02
5.339106999443866963e-02
5.396343164549062543e-02
5.453944060802191907e-02
5.511333425284869331e-02
5.568207611213338987e-02
5.624320705802683673e-02
5.679691178620192155e-02
5.734268151832044164e-02
5.787422179194499916e-02
5.838932545258927742e-02
5.889267447579710907e-02
5.937726341915026962e-02
5.983966104916219053e-02
6.028424115011145334e-02
6.070652767130339800e-02
6.110166978178320496e-02
6.147623742462444973e-02
6.182322117074413870e-02
6.214097072278716022e-02
6.243554422531377018e-02
6.269679980521661311e-02
6.293382576615427770e-02
6.313740861565959872e-02
6.331485443581562345e-02
6.345832991418585978e-02
6.357643393137003829e-02
6.366097976764684141e-02
6.371753350508524427e-02
6.374555564816197784e-02
6.374561035634553063e-02
6.383713332755278080e-02
6.399229736789206757e-02
6.412278184056079133e-02
6.422461575433924263e-02
6.429314748685815983e-02
6.433431876794065696e-02
6.433962570752126131e-02
6.431705211946614487e-02
6.425666235553137429e-02
6.417137558711041856e-02
6.404890992566374119e-02
6.389827159005230517e-02
6.371558109109963508e-02
6.350095822949416990e-02
6.326021797024271309e-02
6.298520755919016778e-02
6.268822493381878691e-02
6.304273623147006733e-02
6.343127903814450852e-02
6.378809963775886049e-02
6.411717561749542826e-02
6.441493826552487090e-02
6.468051650499909155e-02
6.491942260729167968e-02
6.512788464709350078e-02
6.530647300014490175e-02
6.545809243314931747e-02
6.558336117239661756e-02
6.568112844256769611e-02
6.575209905745763028e-02
6.579717692108687233e-02
6.581959702497197640e-02
6.581778201843234422e-02
6.579313689461141479e-02
6.574714316987970153e-02
6.568134770905688369e-02
6.559965727174932315e-02
6.550892406503978915e-02
6.542530339814929541e-02
6.533509603700819734e-02
6.523169668194497839e-02
6.511137831229933670e-02
6.497325452659583056e-02
6.481653650079230444e-02
6.464147392533613201e-02
6.445004647426860744e-02
6.423968910446925529e-02
6.401066116686368601e-02
6.376770689031148465e-02
6.350637380232056206e-02
6.322971714375373586e-02
6.293857980155119491e-02
6.263084087912419717e-02
6.231210926548955142e-02
6.197721578505276108e-02
6.163244288844511865e-02
6.127428518704938765e-02
6.090560036834579555e-02
6.052793810526282264e-02
6.014063531252920869e-02
5.974563606248210063e-02
5.934456122024734520e-02
5.893838831582856597e-02
5.852751638404229267e-02
5.811453442642684764e-02
5.773843825061004270e-02
5.739105514668781105e-02
5.703829215044697865e-02
5.668066459693117676e-02
5.631769998919715359e-02
5.594737434315568553e-02
5.557402138809362097e-02
5.519286172541585517e-02
5.480963159591772244e-02
5.441944942307280070e-02
5.402694659911727593e-02
5.363008815525995010e-02
5.322854705404508890e-02
5.282690400853136403e-02
5.242107550354619533e-02
5.201263229102201513e-02
5.160473679253417545e-02
5.119413651137683097e-02
5.078198082085404880e-02
5.037172887252307218e-02
4.996008987822287556e-02
4.954755013353682319e-02
4.913837364317877321e-02
4.872896757701036807e-02
4.831972944946576892e-02
4.791415125823392240e-02
4.750980071886467399e-02
4.710656687651083169e-02
4.670731634028279372e-02
4.631041449236304730e-02
4.591543271868724768e-02
4.552485951873903175e-02
4.513739477851963500e-02
4.475251715171863626e-02
4.437260571837504941e-02
4.399618967775680012e-02
4.362290148307810395e-02
4.325529204793190224e-02
4.289118973279824193e-02
4.253117121937588507e-02
4.217658404535842148e-02
4.182574590440817086e-02
4.148002110831186529e-02
4.113910716655828220e-02
4.080220188225290590e-02
4.047130278674030551e-02
4.014456792259994689e-02
3.982278555355251576e-02
3.950627359176171055e-02
3.919410975591858248e-02
3.888781904857108174e-02
3.858607206265939754e-02
3.828995036092088661e-02
3.800535300759010776e-02
3.772935629956192249e-02
3.745883904019469551e-02
3.719350855667388767e-02
3.693345148228411451e-02
3.667846315325009460e-02
3.642832223140282655e-02
3.618292893198039872e-02
3.594235435282180230e-02
3.570659454513400166e-02
3.547502270017583587e-02
3.524810750880201515e-02
3.502534083464142745e-02
3.480679507141115625e-02
3.459245238166627767e-02
3.438205582774346569e-02
3.417583797084255276e-02
3.397335644681177824e-02
3.377502670511761673e-02
3.358021449015181903e-02
3.339859648928141661e-02
3.322715504950305571e-02
3.305962008115580913e-02
3.289516434392218691e-02
3.273408078925277298e-02
3.257640596059938054e-02
3.242168776920474615e-02
3.231810556918109090e-02
3.224394337872620031e-02
3.217104648682186235e-02
3.210010517739620567e-02
3.203005947686420746e-02
3.196091918483071753e-02
3.189402191533628750e-02
3.182804816853723046e-02
3.176296888182046640e-02
3.169878380780518506e-02
3.163675041006770022e-02
3.157562056315486171e-02
3.151535059636127040e-02
3.145593251325496525e-02
3.139773388456647274e-02
3.134121761422641039e-02
3.128550142016815055e-02
3.123057149422303613e-02
3.117641268153728898e-02
3.112308989662016315e-02
3.107160046630680350e-02
3.102081492164089974e-02
3.097071427828256007e-02
3.092127866828618329e-02
3.087248742321175785e-02
3.082473772125533806e-02
3.077829733697632839e-02
3.073242327343557456e-02
3.068709283406241550e-02
3.064228285726249348e-02
3.059796977602254053e-02
3.055454377271328570e-02
3.051224331008965326e-02
3.047035725821916827e-02
3.042886129143418036e-02
3.038773091287201231e-02
3.034694149576111152e-02
3.030688944757188238e-02
3.026777244996339822e-02
3.022891383891097156e-02
3.019028908748019532e-02
3.015187369615383861e-02
3.011364322043211250e-02
3.007641629092143096e-02
3.003952695122052638e-02
3.000274269371289507e-02
3.002497478221756444e-02
3.012180100444648845e-02
3.021344331669000710e-02
3.029885658605869017e-02
3.037888942709283599e-02
3.045365948929975794e-02
3.052282552041249430e-02
3.058730354834791193e-02
3.064832563725631426e-02
3.070624149794555502e-02
3.075918722168607955e-02
3.080612263295368775e-02
3.084639713938227071e-02
3.088039328624971741e-02
3.090896264294869245e-02
3.093450603019385833e-02
3.096003927400953898e-02
3.098361903610149029e-02
3.100264834715574930e-02
3.101569662008973535e-02
3.102302192648621199e-02
3.102464794546404628e-02
3.101954326943251461e-02
3.100862686662019321e-02
3.099272938286221427e-02
3.097235043500993004e-02
3.094583935325339458e-02
3.091246082852471683e-02
3.087163226386038101e-02
3.082345952696262728e-02
3.076820191052842893e-02
3.070687592717556702e-02
3.063954764783835202e-02
3.056760632334547603e-02
3.049287550355091192e-02
3.041649552194229666e-02
3.033725136463649719e-02
3.025333004027992365e-02
3.016408298482582684e-02
3.006951261667167516e-02
2.996925279193068253e-02
2.995452609582241119e-02
2.995930706859091172e-02
2.996317798267716243e-02
2.996631200672447704e-02
2.996933929831113036e-02
2.997142183611625071e-02
2.997254964709802558e-02
2.997351247379129863e-02
2.997370844402807988e-02
2.997291760308605849e-02
2.997153032903870917e-02
2.998182033910961469e-02
3.000100623722196796e-02
3.001967985964196922e-02
3.003765670488452513e-02
3.005528029624725261e-02
3.007200916939225047e-02
3.008821389377455691e-02
3.010365859332209820e-02
3.011813729593813826e-02
3.013226410814432571e-02
3.014522172060037433e-02
3.015761516899668343e-02
3.016920661314799815e-02
3.017967575773724750e-02
3.018987152883167296e-02
3.019885972884416014e-02
3.020737300347320700e-02
3.021492225272327109e-02
3.022202406625153215e-02
3.022836809708594544e-02
3.023435889015042149e-02
3.024032087136563005e-02
3.024680118006196558e-02
3.025357568328295929e-02
3.026021877116104319e-02
3.026644696403300167e-02
3.027205316511169531e-02
3.027695915492130407e-02
3.028150439897593638e-02
3.028543023871456061e-02
3.028879898539934765e-02
3.029177282176501521e-02
3.029455206933939423e-02
3.029773437638716774e-02
3.030203068442327910e-02
3.030746514432645228e-02
3.031425656729292914e-02
3.032214761875724404e-02
3.033855133533499421e-02
3.036155496838825740e-02
3.038418001780786651e-02
3.040619875854917720e-02
3.042768725760192083e-02
3.044838198239357627e-02
3.046818557879970787e-02
3.048727078973527405e-02
3.050559852151260923e-02
3.052282144091270424e-02
3.053943501866975690e-02
3.055484086090779969e-02
3.056947598864559468e-02
3.058279716158522621e-02
3.059544867456606004e-02
3.060662723673011898e-02
3.061707665304087139e-02
3.062626768074357478e-02
3.063413017189288434e-02
3.064133373896998913e-02
3.064706492656047582e-02
3.065170637384920585e-02
3.065545283301905621e-02
3.065773046526399856e-02
3.065922910021511016e-02
3.065952773488070382e-02
3.065873275898143430e-02
3.065705692148998004e-02
3.065451213256973478e-02
3.065131056241376939e-02
3.064821767763236532e-02
3.064627560980991844e-02
3.064625015472593333e-02
3.064664315622755639e-02
3.064654363120845187e-02
