1.459997041664566342e-01
1.505493505043894176e-01
1.591502260416742531e-01
1.603047678933537112e-01
1.717353587911364943e-01
1.769021172374121431e-01
2.049427979426401980e-01
2.193047535873406118e-01
2.086669379699921667e-01
2.614052072930536097e-01
2.174579734711006018e-01
2.710041451497939291e-01
2.812032905516430037e-01
2.630361600435034419e-01
3.203769698547277445e-01
3.840006483843377283e-01
3.927942736264609658e-01
3.456263323379646923e-01
2.874587513583709009e-01
2.659214269117479157e-01
2.562996210700837496e-01
2.678151203022407500e-01
2.289022254887138896e-01
2.070726062082749730e-01
2.278217441245820596e-01
2.356749079963087190e-01
2.443815025528035534e-01
3.123813142571572610e-01
3.220161768586667916e-01
2.846020679942967702e-01
2.476894050325736951e-01
2.427364416285210658e-01
2.379197014732421789e-01
2.320280007346982865e-01
2.413148246441853551e-01
2.211824741821031559e-01
2.290279039482007173e-01
2.423942133797740706e-01
2.320274713715584913e-01
2.039501679497796038e-01
1.831071665819259953e-01
1.879899714337826822e-01
1.814985583127515789e-01
1.895770914342612412e-01
1.870430983382651291e-01
1.831579305481640663e-01
1.886804168886608291e-01
1.850692786005132540e-01
1.847680132061856051e-01
1.909541046688273680e-01
1.938294874565571202e-01
1.874740848872323284e-01
1.987210708138623383e-01
2.194293219337107581e-01
2.394513586869797539e-01
2.567867673721648258e-01
2.663981426574798528e-01
2.643182997635828424e-01
2.540446298280091830e-01
2.510006258023890768e-01
2.582562173744690770e-01
2.727187170796787075e-01
2.797883067839238569e-01
2.818234746508238020e-01
2.818380864440233613e-01
2.757796507848834788e-01
2.696297906041580927e-01
2.682316306287753638e-01
2.731163270950254240e-01
2.827624326308985081e-01
2.939314982339615856e-01
3.016405342510860010e-01
3.004212308263433662e-01
2.877988197752946453e-01
2.654726438084563656e-01
2.392187834671506697e-01
2.234344701294949942e-01
2.080311544924061118e-01
2.123045011675245841e-01
2.271944076878786301e-01
2.450851243519190092e-01
2.609904874372510064e-01
2.726118993323932149e-01
2.794771494606834716e-01
2.821512257729122952e-01
2.818708832717188861e-01
2.796708361196148518e-01
2.763804139038604224e-01
2.723271469084939667e-01
2.672449811454878921e-01
2.607659358390154170e-01
2.526251901666206612e-01
2.429907448555026772e-01
2.325107973052253640e-01
2.222856498165614314e-01
2.134160167191518909e-01
2.067372477540144193e-01
2.025499540818216648e-01
2.004589781488599898e-01
1.996245783629396198e-01
1.990706652665366339e-01
1.979970513926366527e-01
1.957720076788959929e-01
1.921289346277030574e-01
1.870526624606162480e-01
1.806331994978680189e-01
1.730031742795361260e-01
1.642328550512735519e-01
1.543801072849965150e-01
1.436103779782640644e-01
1.357635992585204676e-01
1.308214292911775989e-01
1.243032398591095294e-01
1.182542723885366132e-01
1.234792963514452085e-01
1.278341572538096715e-01
1.312771967160203113e-01
1.337192485294772526e-01
1.351788996538152154e-01
1.356520095276080307e-01
1.352059484719001781e-01
1.338434426985702641e-01
1.315850585964663255e-01
1.284613206066823055e-01
1.245671965906249429e-01
1.200589413346502682e-01
1.151463691005659984e-01
1.137560341442929029e-01
1.156125553876399259e-01
1.164844992020015457e-01
1.164992749437662040e-01
1.158893176110795814e-01
1.148374342182554853e-01
1.133605548533541674e-01
1.116461306180636798e-01
1.100128036495159611e-01
1.083158817465781076e-01
1.064793709265580840e-01
1.045438905510664845e-01
1.025621463879905632e-01
1.031395418657724689e-01
1.054140149069526522e-01
1.082800271017483607e-01
1.108071824275726203e-01
1.129669479759157907e-01
1.147138942395186795e-01
1.160211363052742473e-01
1.168661636348452965e-01
1.172452359833870000e-01
1.171806695500014900e-01
1.167194819368300857e-01
1.159120176900606258e-01
1.148126603816945479e-01
1.134694188495823930e-01
1.119508158370137729e-01
1.103276269822627276e-01
1.086867930460340553e-01
1.071151294191649145e-01
1.057045406451991160e-01
1.045349259697354316e-01
1.036824170809289153e-01
1.032077140093050349e-01
1.031524640828757611e-01
1.035316673624554623e-01
1.043291666042058807e-01
1.055128073257093624e-01
1.070181203526088393e-01
1.087761883102958960e-01
1.107061862895389465e-01
1.127219958373433667e-01
1.147463367887463503e-01
1.167015769039268930e-01
1.185203522742688809e-01
1.201346350654046019e-01
1.214938844016344860e-01
1.225540796502381513e-01
1.232913699100507687e-01
1.236920307965810040e-01
1.237477296490247514e-01
1.234443267094488955e-01
1.227723734271123773e-01
1.217406268009812026e-01
1.203692552929748055e-01
1.186631663353421851e-01
1.165906829049351973e-01
1.141162207698881853e-01
1.114771532442231788e-01
1.090201339237878708e-01
1.071683397282895411e-01
1.056613951131745305e-01
1.039220936435779202e-01
1.020120543626533149e-01
9.998795049632906717e-02
9.788481534942386486e-02
9.580398556246533248e-02
9.369904103817711105e-02
9.147586781881700269e-02
8.911263625164220215e-02
8.662063554447924085e-02
8.527880813928562231e-02
8.584260738330093399e-02
8.619019684409183479e-02
8.631793084371573721e-02
8.623308005825358613e-02
8.594442299541779628e-02
8.546146613386867985e-02
8.479426457044898779e-02
8.395136081784058957e-02
8.293789581708542469e-02
8.283402283201329874e-02
8.354579332316382223e-02
8.402604994911205827e-02
8.574010901771708659e-02
8.919626567948275853e-02
9.251847021353175327e-02
9.568606415841186819e-02
9.868906779512200134e-02
1.015207525287652596e-01
1.041773192622380689e-01
1.066578212100729173e-01
1.089717310562426378e-01
1.111172888618397886e-01
1.130980041439037936e-01
1.149161854550598966e-01
1.165731521275283900e-01
1.180823917999630074e-01
1.194485508012635006e-01
1.206798512432931125e-01
1.217832451562318730e-01
1.227563859365383286e-01
1.246356503671039312e-01
1.267636056257820387e-01
1.287682986987426503e-01
1.306420079083435160e-01
1.323853988726325093e-01
1.340002936974792891e-01
1.354903286289698694e-01
1.368609906794646391e-01
1.381190791212818236e-01
1.392741952432109132e-01
1.403333172751417834e-01
1.413054762115804330e-01
1.422003349207544010e-01
1.430278741935406828e-01
1.438028909599251282e-01
1.445266540693303237e-01
1.452124906515082359e-01
1.458612604996907813e-01
1.464831443024606772e-01
1.470772604168756603e-01
1.476538299579437385e-01
1.482102630037102631e-01
1.487515819514798610e-01
1.492672604875080189e-01
1.497516948398915082e-01
1.502020383973906026e-01
1.506197764647699833e-01
1.509989423491935878e-01
1.513448764368911792e-01
1.516573387161870290e-01
1.519345682267328190e-01
1.521842764984636664e-01
1.523981230225316119e-01
1.525827866799449872e-01
1.527314152935529967e-01
1.528483845322259616e-01
1.529267768022675444e-01
1.529737603176449523e-01
1.529802133509026996e-01
1.529536219691585430e-01
1.528887205809742467e-01
1.527874768398218563e-01
1.526526399363382913e-01
1.524824596911019126e-01
1.522822894569858532e-01
1.520536357088247137e-01
1.517974120573119534e-01
1.515173027545834161e-01
1.512174431059322421e-01
1.508960794504388692e-01
1.505539507170201852e-01
1.501917082907203993e-01
1.498100937045424852e-01
1.495961924051942837e-01
1.495061068703111840e-01
1.493895975309672552e-01
1.497343216338866412e-01
1.502682178617794351e-01
1.507385869525054156e-01
1.511432227623435154e-01
1.514893806694334599e-01
1.517746039198774599e-01
1.520026935115314781e-01
1.521818078991581669e-01
1.523099444528108748e-01
1.523921816986287536e-01
1.529223583054178937e-01
1.538622433000778611e-01
1.547249725544523336e-01
1.555099171185108653e-01
1.562177723247440420e-01
1.568467880052829833e-01
1.573953574113578224e-01
1.578622558924873132e-01
1.582542065254846364e-01
1.585636994683982393e-01
1.587980967747458783e-01
1.589535689850383737e-01
1.590394050134927018e-01
1.590534816517521766e-01
1.590079082099689067e-01
1.589062476278889080e-01
1.587567024466146892e-01
1.585666686249877222e-01
1.583387937885997188e-01
1.580748562898141585e-01
1.577747134644014448e-01
1.574380340644427057e-01
1.570653999735122097e-01
1.566575288217204043e-01
1.562172984495512618e-01
1.557432033319127718e-01
1.552347614922415520e-01
1.546943043838517606e-01
1.541271978776429519e-01
1.535311469956387176e-01
1.529067655025676820e-01
1.522548056254611482e-01
1.515780851964454445e-01
1.508767524099761947e-01
1.501520732287600912e-01
1.494048185900656300e-01
1.486339864652875820e-01
1.478396671200860324e-01
1.470204795712518886e-01
1.461737541031771226e-01
1.452996782483342297e-01
1.444008544310286246e-01
1.434727045710244286e-01
1.425165968183419452e-01
1.415331924309296829e-01
1.405172442044174408e-01
1.394718930895537112e-01
1.383911381511511718e-01
1.374090630875588748e-01
1.368474413578273374e-01
1.362725546962733070e-01
1.356870302773890147e-01
1.350882743920736040e-01
1.344778066136272932e-01
1.338538153477165371e-01
1.332160413440760249e-01
1.325654962362929623e-01
1.318991863235643991e-01
1.312207166928809898e-01
1.305253745825496192e-01
1.298125012814906054e-01
1.290834771256107461e-01
1.283362783131912210e-01
1.275703044723242308e-01
1.267859008083795092e-01
1.259836038553823478e-01
1.251654451823240310e-01
1.243318423380307958e-01
1.234828343623864538e-01
1.226192719325951697e-01
1.217432499145847252e-01
1.208548765149822096e-01
1.199534355522964141e-01
1.190395318944746511e-01
1.181158607804686650e-01
1.171815872612493731e-01
1.162363270288076511e-01
1.152801093630668738e-01
1.143131757379374919e-01
1.133360401051608651e-01
1.123479280520402607e-01
1.113491484753897781e-01
1.103400090246249299e-01
1.096119911822404092e-01
1.088865088986455953e-01
1.081565050969016673e-01
1.074183752452846918e-01
1.066762852484817864e-01
1.059259721295428003e-01
1.051719669962739856e-01
1.044106846930827892e-01
1.036448435756203573e-01
1.028737873532337838e-01
1.020969221216073280e-01
1.013176254619875122e-01
1.005331163579537557e-01
9.974523720614163202e-02
9.895502910821514508e-02
9.816102532212653276e-02
9.736607629769612748e-02
9.656939835188907417e-02
9.577173011698353333e-02
9.497505106460450708e-02
9.417894098493335975e-02
9.338504201483462108e-02
9.259436435905347984e-02
9.180641449690013500e-02
9.102266820381074708e-02
9.024357819691385119e-02
8.946809319572210373e-02
8.869646741725682737e-02
8.792954341261592643e-02
8.716529923633450916e-02
8.640535649753794400e-02
8.564822966139389038e-02
8.509882794532384886e-02
8.460278847314114947e-02
8.411259986564574576e-02
8.363047214092816928e-02
8.315521517053367506e-02
8.268822560362147633e-02
8.222985891284569082e-02
8.178053764223332245e-02
8.134133081772729201e-02
8.091357143551181075e-02
8.049820094882834121e-02
8.009573022569857481e-02
7.970654372385342634e-02
7.933097604067081143e-02
7.896770100434641337e-02
7.861512597168367200e-02
7.827140136672323945e-02
7.793472119713029667e-02
7.760440638651620870e-02
7.727805975299915919e-02
7.695584334682510630e-02
7.663685679413601015e-02
7.632032522200478397e-02
7.600593145219572411e-02
7.569339922282132538e-02
7.538249391413985590e-02
7.507302350863871709e-02
7.476483785678154914e-02
7.445782451864343954e-02
7.415190015039468951e-02
7.384724611969915864e-02
7.354359262081393289e-02
7.324078599167203885e-02
7.293875281467628036e-02
7.263741469209833435e-02
7.233668921952801645e-02
7.203649019375009399e-02
7.173673136074976142e-02
7.143733152001757736e-02
7.113821269476103271e-02
7.102857311490327896e-02
7.093298364613692675e-02
7.083988321208979644e-02
7.074793445666967273e-02
7.065886649137030628e-02
7.057069295849585644e-02
7.048461743020757730e-02
7.039978819374599628e-02
7.031623605080664086e-02
7.023431411468951391e-02
7.015283202877438395e-02
7.007339015369867807e-02
6.999409786608903894e-02
6.991614295747161645e-02
6.983871289276824545e-02
6.976170827774597072e-02
6.968573102536020081e-02
6.960942464021795117e-02
6.953431048584680918e-02
6.945887218993877787e-02
6.938362605477704781e-02
6.930866897288466555e-02
6.923293539525685047e-02
6.915801921731176694e-02
6.908221747908059596e-02
6.900614880537370155e-02
6.892991635660683514e-02
6.885248391987112970e-02
6.877529142304471266e-02
6.869691484783331525e-02
6.861762967595730345e-02
6.853797903577911466e-02
6.845674342653411404e-02
6.837501037547784322e-02
6.829204820136515475e-02
6.820737633999503224e-02
6.812240438303064638e-02
6.803554022098678988e-02
6.794724229765092272e-02
6.785801484955612806e-02
6.776677995228723439e-02
6.767422661489193303e-02
6.758033799302612388e-02
6.748436006474328730e-02
6.738697792399776787e-02
6.728809342024452689e-02
6.718704223030999567e-02
6.708431475160260560e-02
6.698010897839710986e-02
6.687363127932798024e-02
6.676509964669777308e-02
6.665520418244823275e-02
6.654290313945301905e-02
6.642816687287689259e-02
6.631218263317913142e-02
6.619363972091024673e-02
6.607246705276047238e-02
6.594985989407323168e-02
6.582463068056459976e-02
6.569660059129994734e-02
6.556707863522302782e-02
6.543475859189441801e-02
6.529958495536009044e-02
6.516286087541145466e-02
6.502315059657411134e-02
6.488074371755508940e-02
6.473649846883103298e-02
6.458921843872106328e-02
6.443945560272300310e-02
6.428758426471241350e-02
6.413267805619095319e-02
6.397548458835905505e-02
6.381597348575920869e-02
6.365344035798164990e-02
6.348878660802309559e-02
6.332165448554709364e-02
6.315151182267381147e-02
6.297941034072374045e-02
6.280467211412629758e-02
6.262690499242759556e-02
6.244740790327738683e-02
6.226502280829523256e-02
6.207976294412756446e-02
6.189275046235827998e-02
6.170262465901308474e-02
6.151014659175219057e-02
6.131536158453982505e-02
6.111740746398048457e-02
6.091785704430374704e-02
6.071525709807196192e-02
6.051023571024922304e-02
6.030305116505546570e-02
6.009276443340361151e-02
5.988098739199677889e-02
5.966629744619948023e-02
5.944930436933001244e-02
5.923036462786065992e-02
5.900862781194251422e-02
5.878526056192233396e-02
5.855958762067604156e-02
5.833137706164001623e-02
5.810188070182159548e-02
5.787006224012494759e-02
5.763595143029838497e-02
5.740058487583696301e-02
5.716316653358184674e-02
5.692366149683117382e-02
5.668269579373629019e-02
5.644014960103872769e-02
5.619569943367216242e-02
5.594942960374931634e-02
5.570219174100026621e-02
5.545326341941973769e-02
5.520273142039086589e-02
5.495070009461026916e-02
5.469766761661893489e-02
5.444341687482422837e-02
5.418790292742603487e-02
5.393123359179886889e-02
5.367351373901915745e-02
5.341484276761191557e-02
5.315531694031932347e-02
5.289503271962434083e-02
5.263408488436132487e-02
5.237256007702013882e-02
5.211053122997657411e-02
5.184805521262610128e-02
5.158517347350377591e-02
5.132191501721540539e-02
5.105829968552420828e-02
5.079433933145502400e-02
5.053003730049534376e-02
5.026538879162193579e-02
5.000038402282123290e-02
4.973501226487608146e-02
4.946926106623816127e-02
4.920310950123226584e-02
4.893652340834465236e-02
4.866945916156194263e-02
4.840187061331113760e-02
4.813371223402956867e-02
4.786494064355361483e-02
4.759581132130680931e-02
4.732619749102253554e-02
4.705592937429799866e-02
4.678498849205044163e-02
4.651349334437719640e-02
4.624178357027338565e-02
