4.940841380298499619e-01
5.159163946917751931e-01
5.630316627493291426e-01
5.848140779825247160e-01
6.331591791571931083e-01
6.886889991442156633e-01
7.272164035745124488e-01
7.996748781455003119e-01
9.072081880007605292e-01
1.149568041551950692e+00
1.273343894426183898e+00
1.536935736617557113e+00
1.575436142404498252e+00
1.468810686327707504e+00
1.503522577811802652e+00
1.512128942857079883e+00
1.605790298079900147e+00
1.736698213251556711e+00
1.751024365498866420e+00
1.788557096061986762e+00
1.799539659971314487e+00
1.730355266852996232e+00
1.638631383637046746e+00
1.542917302066247665e+00
1.410388012002065983e+00
1.236847013830809416e+00
1.059203713523785728e+00
1.110130853295211883e+00
9.879295357351391971e-01
9.404031083230370847e-01
9.340860224438919390e-01
9.400848498264172681e-01
9.604624787481909065e-01
9.649292265436054672e-01
9.574144701085031128e-01
9.450322283018619540e-01
9.317852211783346217e-01
9.185696502265318086e-01
9.225697386873551453e-01
9.622811032155019761e-01
9.839969630099850706e-01
9.912944177277831503e-01
9.851521339333062510e-01
9.771479746603327632e-01
1.036686919715119393e+00
1.070811845305107868e+00
1.078327939542616631e+00
1.056477064443124503e+00
1.006355799004277296e+00
9.353328956839627173e-01
8.493166045833285827e-01
7.562334954870385539e-01
7.215329801215287775e-01
6.926640844335817393e-01
6.659388947500979317e-01
6.599004842375332247e-01
6.544532408965006987e-01
6.575977008911756405e-01
6.453573530021096127e-01
6.239110289771099271e-01
5.997387560587023048e-01
5.778371409238582945e-01
5.613531310126987917e-01
5.500283601704444303e-01
5.412776649074274582e-01
5.315584422004782095e-01
5.182199639537240499e-01
4.986517935226371101e-01
4.750364307352006321e-01
4.563425328914257340e-01
4.314688711718340786e-01
4.074167322596409790e-01
4.183401489150891384e-01
4.260503704086207044e-01
4.305020279922244786e-01
4.316965058853365900e-01
4.296562045215345238e-01
4.305753978224075573e-01
4.335156483807359185e-01
4.340793394799430938e-01
4.321125654999101173e-01
4.274855544469398638e-01
4.203998134161506806e-01
4.109559776119370289e-01
3.993180331721812859e-01
3.860843481773620911e-01
3.721907030391765625e-01
3.581706024321981152e-01
3.440070292021696341e-01
3.296005277066989536e-01
3.148993126261954156e-01
2.998470016975209873e-01
2.844116140775702628e-01
2.686771835360695637e-01
2.588705963910661323e-01
2.540898099399246379e-01
2.488233935772698191e-01
2.436360103472768324e-01
2.412921547121866517e-01
2.348931775386271237e-01
2.308940857250886547e-01
2.240548899005598560e-01
2.149115774255225819e-01
2.040706178282707395e-01
1.955269301561957385e-01
1.880749649634443077e-01
1.806332681076754654e-01
1.731592077116663742e-01
1.668071812854893810e-01
1.642370395585699139e-01
1.617051469433662680e-01
1.591926158278134384e-01
1.566987258818257900e-01
1.542218132452069790e-01
1.518289939143804834e-01
1.494488948607411993e-01
1.470740795002399015e-01
1.447014326166581877e-01
1.423384736821772245e-01
1.400272809103340343e-01
1.377076514555697906e-01
1.353781398470262631e-01
1.330379798418246939e-01
1.307123800474747910e-01
1.284088277696596725e-01
1.260936813382471655e-01
1.237689319884184153e-01
1.214371120696461082e-01
1.191324578309642668e-01
1.168440546167578975e-01
1.145556157440004857e-01
1.122708859361782330e-01
1.102718223822824473e-01
1.138390350768958420e-01
1.172728299423916737e-01
1.205230916156207199e-01
1.235763138680031209e-01
1.264058235499572469e-01
1.289865756267364050e-01
1.313124961545083513e-01
1.349026255984246414e-01
1.385887128439630689e-01
1.417189333630463066e-01
1.445059564127260943e-01
1.474872687041445529e-01
1.495452304349062234e-01
1.506871021333574534e-01
1.509035035032123551e-01
1.506709496857094321e-01
1.504634273671436595e-01
1.499180408870164072e-01
1.490572116529507996e-01
1.477388305552526648e-01
1.458061599464189895e-01
1.431822821895531728e-01
1.398640280421319104e-01
1.359141956462563139e-01
1.337072946819417851e-01
1.320636179517848119e-01
1.302758228431094290e-01
1.283521484810911939e-01
1.263011883555743842e-01
1.241319838029705108e-01
1.218540091116478291e-01
1.194769383540360969e-01
1.170103332340837049e-01
1.144634172213569168e-01
1.118449466785915447e-01
1.091631790912385852e-01
1.064355146130683410e-01
1.036674461039352457e-01
1.008611578228533756e-01
9.802377044150716034e-02
9.518543402239085238e-02
9.233264682726294303e-02
8.948271228607902750e-02
8.664857598343886358e-02
8.382983627295016726e-02
8.104532694715672891e-02
7.829572688449089324e-02
7.618793563797121582e-02
7.465333197591698944e-02
7.313294938742437301e-02
7.165274437271133834e-02
7.021908486574374164e-02
6.883083473363720006e-02
6.750160762675899706e-02
6.623823341653223284e-02
6.577768051522488169e-02
6.539601641007429522e-02
6.500737680455916101e-02
6.461212282052171407e-02
6.421272531567538688e-02
6.381330575512106362e-02
6.340825027434762728e-02
6.299800605565113176e-02
6.279549337155941602e-02
6.381260767308429005e-02
6.463222936546701713e-02
6.527493884184513984e-02
6.575572604750502814e-02
6.608510154577970641e-02
6.628298374524593806e-02
6.636405727422928225e-02
6.634985922002034631e-02
6.625363308667060747e-02
6.609848491882477917e-02
6.591162309225788440e-02
6.570060789996508277e-02
6.545122847654032128e-02
6.514721367956911868e-02
6.477250341571308412e-02
6.432328701169777452e-02
6.380912247096494350e-02
6.324107773565135204e-02
6.263408393546063269e-02
6.199288433622164585e-02
6.131383271137522822e-02
6.060096849343039882e-02
5.986136840490805661e-02
5.909673409900190189e-02
5.829937791555087762e-02
5.746215813559122504e-02
5.657692946036721460e-02
5.564668019675252791e-02
5.468171788575325321e-02
5.369221849947605069e-02
5.270793983546354089e-02
5.176207709796962209e-02
5.082555140554870232e-02
4.986646403964083846e-02
4.886988878811473341e-02
4.816459776368849782e-02
4.784597806393084407e-02
4.753348500585420633e-02
4.722711508733720698e-02
4.692685350060545740e-02
4.663267473945591213e-02
4.634454320365331836e-02
4.606322477576064306e-02
4.578867259537890838e-02
4.551994689976308905e-02
4.525698149720856767e-02
4.499970284967836492e-02
4.474803062275303084e-02
4.450187822184015901e-02
4.426115331370118061e-02
4.440172873744777787e-02
4.477273079325271715e-02
4.513006965642912816e-02
4.547385364890710324e-02
4.580032375973869252e-02
4.611187194515688897e-02
4.640721699976779052e-02
4.668420009796483278e-02
4.694274947272847331e-02
4.718397472943607757e-02
4.740737155042593076e-02
4.761170559278835035e-02
4.779706312164420240e-02
4.796355499550928464e-02
4.811135072906629756e-02
4.824075306882734393e-02
4.835543242813776510e-02
4.845533726156929510e-02
4.854913249238627937e-02
4.865642105930495509e-02
4.880596283878301661e-02
4.898667940378025054e-02
4.938273140430174402e-02
4.978990273081297657e-02
5.018770939441173640e-02
5.057218839377179698e-02
5.093719451286433247e-02
5.128192610568642340e-02
5.160671173459014521e-02
5.190882536764617611e-02
5.218756821544352775e-02
5.244230542446702559e-02
5.267244816797676116e-02
5.287743463537614153e-02
5.305671928505675816e-02
5.320976225207061511e-02
5.333602593621240839e-02
5.343500725283345520e-02
5.350627511735895486e-02
5.354949012322988283e-02
5.356442183739295454e-02
5.355093812697572786e-02
5.350900277589448056e-02
5.343873456874872335e-02
5.334044731485516194e-02
5.321463436112949807e-02
5.306194135237871784e-02
5.288312356553161175e-02
5.268217687445625463e-02
5.245785065440200512e-02
5.221522130804383266e-02
5.195758621478933220e-02
5.169741144410757577e-02
5.146612015018091346e-02
5.125202666369955279e-02
5.111322138442413177e-02
5.117658840735785086e-02
5.118290324655205142e-02
5.138582543364728777e-02
5.196025536713504839e-02
5.250321365146067010e-02
5.301577512992793756e-02
5.349685903310973795e-02
5.394279281670445736e-02
5.435499379965460370e-02
5.473965018659811971e-02
5.509909977916116475e-02
5.542345279894134169e-02
5.570402271356618418e-02
5.593774384683068007e-02
5.612326067991953854e-02
5.626137772103226992e-02
5.635290516031456892e-02
5.639962867067201818e-02
5.640354400658596778e-02
5.636907089410711502e-02
5.629426159453004147e-02
5.618055736503029668e-02
5.602781256694692319e-02
5.583701445243034744e-02
5.561127045189503265e-02
5.535265588270782411e-02
5.512868667965743069e-02
5.489760360857125210e-02
5.463645646382644938e-02
5.434419027334113500e-02
5.402179999835785007e-02
5.367207135092706000e-02
5.329827229214255391e-02
5.290394228822039441e-02
5.249018462762704285e-02
5.205546051301566252e-02
5.160011954334328688e-02
5.112641418534494969e-02
5.063913810454456765e-02
5.017017020823526241e-02
4.979493204934805350e-02
4.945210944892423216e-02
4.912326960212991256e-02
4.882056311034935203e-02
4.855394125496114571e-02
4.830133118154923688e-02
4.804031195826399120e-02
4.776985643035061568e-02
4.750028212917464798e-02
4.722974421270279693e-02
4.695137201769426782e-02
4.666330634874341771e-02
4.636439414535478698e-02
4.605345929689728945e-02
4.573038286275630387e-02
4.539453651634843545e-02
4.504491086989777932e-02
4.467719177738237180e-02
4.428931816804627941e-02
4.387990790235802435e-02
4.344999768596014694e-02
4.299920397170289843e-02
4.252802263987791320e-02
4.203891007268333035e-02
4.153444869163446657e-02
4.101765894175856547e-02
4.048947888924312594e-02
4.022273889330977431e-02
4.025963647938719109e-02
4.029324325559746622e-02
4.032166655327138610e-02
4.034588962507831139e-02
4.036678223174231667e-02
4.038262503177002943e-02
4.039407137381177682e-02
4.040264887943616906e-02
4.040631957281230063e-02
4.040513963358982608e-02
4.040152335028388692e-02
4.039345300198846078e-02
4.038068570698209042e-02
4.036411545660609224e-02
4.034475409736815177e-02
4.032085542938847883e-02
4.029248166102576689e-02
4.026097561113935186e-02
4.022641574931321018e-02
4.018754683341711764e-02
4.014443339395316890e-02
4.009812306113550578e-02
4.004924341979188007e-02
3.999628954802213893e-02
3.993932752704220518e-02
3.987842377919426778e-02
3.981601387416503629e-02
3.974987742765785648e-02
3.967997238403393051e-02
3.960636585190080439e-02
3.952955340487660646e-02
3.945114466053031843e-02
3.936920773431835247e-02
3.928380983434816287e-02
3.919501813881656749e-02
3.910298121988203812e-02
3.900992112733776829e-02
3.891363890632217742e-02
3.881420119301331323e-02
3.871167443044703366e-02
3.860612483685357116e-02
3.849879643618957237e-02
3.838960472764126747e-02
3.827755743775115155e-02
3.816271961075332064e-02
3.804515593761385872e-02
3.792493073134545895e-02
3.780353351344459267e-02
3.768026951870656616e-02
3.755450460846049276e-02
3.742630143642258767e-02
3.729572218061188993e-02
3.716282852479044913e-02
3.702865334049448842e-02
3.689329417437151731e-02
3.675577295211851503e-02
3.661614934073988137e-02
3.647448244185925309e-02
3.633083077843453357e-02
3.618525228232177121e-02
3.603963374322435853e-02
3.589221284782379701e-02
3.574300636673760634e-02
3.559206993091149768e-02
3.543945853534424123e-02
3.528522653098403739e-02
3.512973356627637628e-02
3.497415206179810970e-02
3.481708093528610576e-02
3.465857209510142534e-02
3.449867677904967095e-02
3.433744554987141345e-02
3.417492829130380771e-02
3.401134577597066111e-02
3.384800144024584928e-02
3.368348963386968986e-02
3.351785772186124251e-02
3.335115238111537039e-02
3.318341959928633456e-02
3.301470467411560944e-02
3.284505221318389373e-02
3.267571068604985945e-02
3.250575851030858970e-02
3.233497304088567281e-02
3.216339637388563460e-02
3.199106992125995419e-02
3.181803441262510967e-02
3.164432989740214447e-02
3.147050572093329501e-02
3.129690376276732244e-02
3.112272486552479164e-02
3.094800663684546538e-02
3.077278601972470787e-02
3.059709929617071902e-02
3.042098209109273671e-02
3.024446937641125238e-02
3.006862185598017587e-02
2.989260569316543395e-02
2.971627276769624182e-02
2.953965573846964801e-02
2.936278663458324889e-02
2.918569686044921591e-02
2.900841720105872337e-02
2.883127672805973693e-02
2.865478468050162292e-02
2.847817064405071610e-02
2.830146323240773434e-02
2.812469046729908564e-02
2.794787978438895495e-02
2.777105803928610686e-02
2.759425151363778528e-02
2.741811819279555557e-02
2.724237545907266800e-02
2.706670434609305051e-02
2.689112914581702138e-02
2.671567360649595990e-02
2.654036093909536292e-02
2.636521382376197029e-02
2.619025441632993889e-02
2.601631998208837893e-02
2.584264622707070982e-02
2.566920619040939308e-02
2.549602022959638475e-02
2.532310820914105906e-02
2.515048950716790646e-02
2.497818302202042470e-02
2.480630676799501846e-02
2.463544003879484037e-02
2.446492342278556650e-02
2.429477418768702379e-02
2.412500915264847653e-02
2.395564469479153150e-02
2.378669675573734724e-02
2.361818084811306492e-02
2.345026735095747175e-02
2.328332718238557489e-02
2.311684862828863180e-02
2.295084575857712569e-02
2.278533224440640326e-02
2.262032136449674755e-02
2.245582601141805218e-02
2.229185869783559606e-02
2.212864758215479441e-02
2.196635403709495948e-02
2.180461085350090394e-02
2.164342928019900858e-02
2.148282021475082793e-02
2.132279420943044776e-02
2.116336147715256605e-02
2.100453189735029119e-02
2.084670290351646124e-02
2.068961209904875490e-02
2.053314049421996190e-02
2.037729687160731717e-02
2.022208970695623526e-02
2.006752717473846495e-02
1.991361715365430954e-02
1.976067890352432507e-02
1.965479847599178181e-02
1.957147486673349243e-02
1.948754912542037532e-02
1.940354179093504994e-02
1.931927987195355273e-02
1.923447042126040507e-02
1.914913521169498908e-02
1.906385664664036680e-02
1.897829811841007797e-02
1.889226478373078402e-02
1.880577708142672916e-02
1.871923235015809928e-02
1.863262645312414173e-02
1.854561365216729832e-02
1.845821310787957789e-02
1.837044363958287643e-02
1.828297488960935191e-02
1.819521032146445214e-02
1.810712008188289368e-02
1.801872178211520736e-02
1.793003271015619973e-02
1.784169077861055136e-02
1.777499240053918503e-02
1.778829210053164966e-02
1.779833868671470629e-02
1.780506276327895043e-02
1.780843899840820616e-02
1.780846222972498269e-02
1.780541122225631073e-02
1.779920510174455225e-02
1.778974244193908677e-02
1.777707127063551940e-02
1.776155899849093597e-02
1.774302840969660400e-02
1.772143470737688742e-02
1.769681768815904721e-02
1.766962393581294685e-02
1.763950868055929461e-02
1.760649882756691251e-02
1.757077747090623684e-02
1.753256368590413311e-02
1.749163649360928330e-02
1.744808660724207414e-02
1.740206416730416886e-02
1.735380792894067672e-02
1.730316277767642713e-02
1.725020782556145257e-02
1.719501169518473926e-02
1.713764199408520858e-02
1.707816605377248526e-02
1.701675808183303676e-02
1.695336500941108104e-02
1.688800940191345634e-02
1.682072999791511814e-02
1.675156379940619111e-02
1.668055178595565652e-02
1.660774644864403821e-02
1.653321458393060273e-02
1.645705389234475291e-02
1.637934427836006471e-02
1.630011164324949788e-02
1.621943581985783173e-02
1.613741905361177481e-02
1.605406519770901166e-02
1.596939384011781746e-02
1.590191464175216146e-02
1.586619378941035371e-02
1.582854155998615966e-02
1.578891759794886357e-02
1.574755208665680820e-02
