5.240301715059497711e-01
5.264990290277533624e-01
5.522117421761423284e-01
6.250337457267126640e-01
8.302711860049238890e-01
5.828295258830568093e-01
5.244937840618800751e-01
5.396067874545348309e-01
5.633121935027995963e-01
6.040313630777925935e-01
6.340199066376945858e-01
7.219272221747743412e-01
6.807298524899003667e-01
8.517450467746588982e-01
9.601853456935894870e-01
8.518853684645147917e-01
9.045935755076917051e-01
8.582808534280482737e-01
7.259517731100842974e-01
7.419727259028481292e-01
8.217500130463002428e-01
7.628601117318107860e-01
7.579621997615485496e-01
7.201717474526708740e-01
6.678329855599194342e-01
7.131978086292245500e-01
8.163946844441881678e-01
9.147173072984595699e-01
9.419236421371437462e-01
8.688786207459541222e-01
7.845296713698451940e-01
7.807317813182529376e-01
8.067479617912091117e-01
7.905499832829075979e-01
9.122626001676742424e-01
1.018483634943043503e+00
1.081962700321822179e+00
1.094787078540729874e+00
1.119556013669118277e+00
1.274267631986032434e+00
1.395358435689010301e+00
1.477137207152258158e+00
1.561069632843939292e+00
1.654234887891476546e+00
1.725523219567566047e+00
1.732651420638236628e+00
1.664415856661980886e+00
1.534450509232746285e+00
1.376593925421963460e+00
1.231655799344082647e+00
1.122314551846552266e+00
1.048675047658192971e+00
9.958903023572510671e-01
9.460220973995417948e-01
8.863474456346809305e-01
8.116552807425162497e-01
7.262491183746566659e-01
6.479452453087082286e-01
6.644951970837122968e-01
6.699455249008297031e-01
6.647867864164458407e-01
6.502860725149047783e-01
6.330256425985675284e-01
6.180113527065388412e-01
5.963819983706855066e-01
5.706195217113040341e-01
5.410903027592206538e-01
5.080621309637985972e-01
4.744333716046175153e-01
4.846726101896328687e-01
4.894912267426819730e-01
4.908978589105850165e-01
4.900011238102014444e-01
4.768780314866555847e-01
4.697617484157216583e-01
4.646564652436505072e-01
4.621748528687426583e-01
4.622396386841446381e-01
4.643607782719647026e-01
4.666164999087837884e-01
4.684084428130649291e-01
4.682171206562805721e-01
4.648035706569307868e-01
4.575485728393519635e-01
4.462371233496462142e-01
4.429227906296022699e-01
4.379898153445075937e-01
4.282236663436446156e-01
4.150157301255161801e-01
3.984280815734683179e-01
3.787161332698433247e-01
3.890017239142480321e-01
3.992134443532757704e-01
4.018569685759412757e-01
3.960042013496495872e-01
3.829904741135158885e-01
3.772154412721717698e-01
3.792444540882173865e-01
3.810249806990597121e-01
3.835879307956744921e-01
3.874369941740221090e-01
3.928299077879283674e-01
3.997677546766913448e-01
4.076479594479812674e-01
4.165736427513578866e-01
4.262500136593028177e-01
4.416867119582795764e-01
4.560606727971901475e-01
4.680522410631623997e-01
4.758081709886096688e-01
4.776863029238523906e-01
4.730721597028709202e-01
4.609129033892848670e-01
4.423739006417277686e-01
4.188519175358803581e-01
3.923004922746483047e-01
3.643561396451874823e-01
3.370908182422499011e-01
3.436866533421586989e-01
3.518064475730314777e-01
3.584498058250042973e-01
3.641957643785699861e-01
3.685021836350051982e-01
3.718400124494898873e-01
3.738762076613543761e-01
3.748811472383810073e-01
3.748091337677085244e-01
3.736226108495251386e-01
3.716651162698492161e-01
3.685006575659949823e-01
3.648889157121154025e-01
3.602520943847392632e-01
3.549644910076775739e-01
3.491362804987821478e-01
3.425234750383829851e-01
3.356418695873416014e-01
3.282794650444257889e-01
3.203981667580629855e-01
3.124049285361635842e-01
3.041891137265156364e-01
2.957013701611564960e-01
2.870846459867900657e-01
2.786293288264002910e-01
2.701180630141909456e-01
2.616273957475834244e-01
2.532279321917179638e-01
2.451614729457401998e-01
2.372879973418219601e-01
2.296492652755592334e-01
2.222923428535796553e-01
2.152576322005453902e-01
2.085789288095961647e-01
2.023015925291697936e-01
1.964469160659181035e-01
1.909963099643645912e-01
1.859614642450583832e-01
1.817924400586098665e-01
1.781637375621674679e-01
1.745418687791671641e-01
1.709876595727015669e-01
1.676236666296006261e-01
1.645127097524949067e-01
1.623288377923831904e-01
1.604887327503761452e-01
1.589684085996594110e-01
1.577423471966892532e-01
1.567838939706498458e-01
1.560656309663389640e-01
1.555597247473244904e-01
1.552382472834111793e-01
1.550734685258205459e-01
1.550381199082397354e-01
1.551056284972626431e-01
1.552503219487806896e-01
1.554625477888081642e-01
1.557350297475247336e-01
1.560209926097164967e-01
1.562995550075443885e-01
1.565513036677226855e-01
1.567583523185477890e-01
1.569410911816818133e-01
1.570930440034801201e-01
1.571600250320972503e-01
1.571451992522912289e-01
1.571025657734792524e-01
1.569460013722504543e-01
1.567319777305576645e-01
1.564289123284136884e-01
1.560672626971683075e-01
1.556334515747768710e-01
1.551560521904148948e-01
1.546434319899891718e-01
1.565361599838816786e-01
1.583862744976912151e-01
1.601467343521477960e-01
1.618031715924215241e-01
1.634105141731000410e-01
1.648834065574952823e-01
1.662983171691259365e-01
1.675935665625529480e-01
1.687990816164234298e-01
1.699075460276897043e-01
1.709230418677714913e-01
1.718391611749584547e-01
1.726979134291908302e-01
1.734810500143693091e-01
1.742286424097078679e-01
1.750035519144443330e-01
1.758273748908363854e-01
1.772608665971289466e-01
1.784778200832861650e-01
1.795617938856429452e-01
1.804430528500726993e-01
1.812054458317582106e-01
1.818268930380008419e-01
1.823104719028110499e-01
1.826687388508097809e-01
1.829159921305113512e-01
1.830844516054173088e-01
1.832174723104749436e-01
1.834048982205876976e-01
1.835701917031778985e-01
1.837419882056922638e-01
1.839885899407285585e-01
1.848012717170918473e-01
1.857290591371652255e-01
1.866186848178505997e-01
1.874203928908331485e-01
1.881144012562450674e-01
1.886899342029828563e-01
1.891799801870776843e-01
1.895561103093705013e-01
1.898099966563671359e-01
1.899433420038877385e-01
1.900093186438241710e-01
1.899578538260763561e-01
1.897860547972457512e-01
1.895395383806947887e-01
1.891880519708584452e-01
1.887121927565263424e-01
1.881865264687879458e-01
1.875519398204008592e-01
1.868190240575180461e-01
1.860479732052487678e-01
1.851904131142261267e-01
1.842474979825307613e-01
1.832632187855310624e-01
1.822179319879319859e-01
1.811191826094426249e-01
1.799912482209106712e-01
1.788509910430628458e-01
1.777060744523957792e-01
1.765707104943245731e-01
1.755258840533796827e-01
1.746366312308173241e-01
1.737663259375135660e-01
1.728826067850953718e-01
1.719693771108430913e-01
1.710215777506709500e-01
1.700456199943582991e-01
1.690583044811576341e-01
1.680774948322978080e-01
1.671082848683893840e-01
1.661515059291086283e-01
1.652078230579169804e-01
1.643259535180031095e-01
1.634760580978557309e-01
1.626154709301750878e-01
1.617291821948649566e-01
1.608133691175262781e-01
1.598806707097322755e-01
1.589242879453365287e-01
1.579187960865462981e-01
1.568984789886359033e-01
1.558297312999524786e-01
1.547351876257418990e-01
1.536049165258671911e-01
1.524445729783554804e-01
1.512731613012740506e-01
1.500873709292543379e-01
1.489275645971293582e-01
1.478926619405060428e-01
1.469701381751945812e-01
1.460545960322712777e-01
1.451266698617872108e-01
1.441999338969683353e-01
1.432664498285784183e-01
1.423332983888513370e-01
1.414039723295549555e-01
1.404770810534198833e-01
1.395531455615913463e-01
1.386364680941719885e-01
1.377299116616991226e-01
1.368297009496113603e-01
1.359248928446695481e-01
1.350008928892669768e-01
1.340726607913744761e-01
1.331225518676839303e-01
1.321575634255321430e-01
1.311742663608118920e-01
1.301770640882446428e-01
1.291639728666614528e-01
1.281387821585083520e-01
1.271087417965937605e-01
1.260613137903956182e-01
1.250235877129425299e-01
1.239666841813442527e-01
1.229091481159332033e-01
1.218278859305066131e-01
1.207538587531579860e-01
1.196525224549464111e-01
1.185509308201562334e-01
1.174384772144991818e-01
1.163101547490361792e-01
1.151893429250215733e-01
1.140517796990603155e-01
1.129250639846765131e-01
1.117922105397273214e-01
1.106617782360617280e-01
1.095380224786120515e-01
1.084063378308151027e-01
1.072901920948431120e-01
1.061638305710157631e-01
1.050480112547689249e-01
1.039229630091846324e-01
1.028091705457240546e-01
1.016824209117530020e-01
1.005706717412279683e-01
9.944887117626369233e-02
9.845160779068821977e-02
9.808972059814399791e-02
9.767398551905788484e-02
9.717273759024999680e-02
9.661880752931459315e-02
9.600250089708792234e-02
9.531666574998481911e-02
9.459508792427963331e-02
9.380259737950819021e-02
9.297819189882430835e-02
9.209532506750219005e-02
9.117986704850027102e-02
9.021559068751237864e-02
8.923034689642371509e-02
8.820810607361712075e-02
8.715637685709981541e-02
8.608798997036874734e-02
8.498436900844132114e-02
8.386049530125679052e-02
8.270737229039497318e-02
8.172191324061049700e-02
8.105178537444888975e-02
8.039139920501051084e-02
7.973373200849974418e-02
7.907620972026188633e-02
7.841903786786734443e-02
7.777025108574890655e-02
7.712561498282867467e-02
7.648158407059513220e-02
7.583834156497809564e-02
7.519606386355820460e-02
7.456154987626269215e-02
7.393190543176991758e-02
7.330342594042067728e-02
7.267626846233739280e-02
7.205058404969932884e-02
7.143000351361969424e-02
7.081695157299543186e-02
7.020552655395283226e-02
6.959586270671923314e-02
6.898808897616134916e-02
6.838843690258859798e-02
6.779317540756026050e-02
6.719991888697091076e-02
6.660878165341736767e-02
6.602666321987782361e-02
6.544783624820954548e-02
6.487121907471007920e-02
6.430111463722540388e-02
6.373658130552378731e-02
6.317433492540673601e-02
6.262064010546780635e-02
6.207022292184346396e-02
6.152860719714970533e-02
6.099335374403247467e-02
6.046489671918416076e-02
5.994410969781954757e-02
5.943138490112743338e-02
5.892698682692272538e-02
5.842884270955449322e-02
5.793594831340589946e-02
5.744493056526617930e-02
5.695809619774531984e-02
5.647724626879632726e-02
5.599833417713061950e-02
5.552143506959737046e-02
5.504662090783133538e-02
5.457396055229551957e-02
5.438124238845902514e-02
5.426699656002148542e-02
5.411703317549789588e-02
5.392050366227674196e-02
5.368220899318504324e-02
5.340958810335724727e-02
5.309122699795641720e-02
5.274862124947685138e-02
5.236382210336390508e-02
5.195257378327396147e-02
5.150749707973433650e-02
5.103674693561125603e-02
5.053743964354941165e-02
5.001617770149036774e-02
4.946853602707385750e-02
4.890563837544130432e-02
4.832207658637631409e-02
4.772507981318335757e-02
4.713734174158110829e-02
4.658522034615320689e-02
4.626872259240875918e-02
4.596942027299910638e-02
4.565894810961387135e-02
4.532717526005862474e-02
4.498669213418651780e-02
4.462558737626268202e-02
4.425420677680001746e-02
4.386715052051263358e-02
4.346844091139297900e-02
4.305854861929261923e-02
4.263991807389344579e-02
4.221107195593958722e-02
4.177771816876638816e-02
4.133714959395007327e-02
4.089004768723462219e-02
4.043994074588530552e-02
3.999003719985474992e-02
3.953938927553296567e-02
3.908356712111740044e-02
3.862565563635833588e-02
3.815990330964231375e-02
3.768831018382225173e-02
3.721482781980637450e-02
3.678687265241305931e-02
3.644975357578132680e-02
3.611622314484008722e-02
3.578679184772318861e-02
3.546021171186963111e-02
3.513647803366840017e-02
3.481558537741531734e-02
3.449752760251843797e-02
3.418229789001802493e-02
3.386988876843331775e-02
3.358669832114171555e-02
3.336555722749393049e-02
3.314615646748284017e-02
3.292848362733667711e-02
3.271252632752208456e-02
3.249827222396368953e-02
3.228570900923165982e-02
3.207482441369818166e-02
3.186560620666299692e-02
3.165804219744761810e-02
3.145212023645999749e-02
3.124782821623000445e-02
3.104515407241406275e-02
3.084408578477144253e-02
3.064461137811292160e-02
3.044671892321928683e-02
3.025039653773372791e-02
3.005563238702529255e-02
2.986241468502654969e-02
2.967073169504307745e-02
2.948057173053797095e-02
2.929192315588892079e-02
2.910477438712055429e-02
2.891911389261123469e-02
2.873493019377466526e-02
2.855221186571679434e-02
2.837094753786892701e-02
2.819112589459648460e-02
2.801273567578447393e-02
2.783576567739941623e-02
2.766020475202898496e-02
2.748604180939823172e-02
2.731326581686517249e-02
2.714186579989253181e-02
2.697183084249985333e-02
2.680315008769367652e-02
2.663581273787686901e-02
2.646980805523800953e-02
2.630512536212025257e-02
2.614175404137080230e-02
2.597968353667103394e-02
2.581890335284695373e-02
2.565940305616228739e-02
2.550117227459157421e-02
2.536351227815912546e-02
2.523985274077356067e-02
2.511676058785992580e-02
2.499423769017080493e-02
2.487228577778841793e-02
2.475090644360277564e-02
2.463010114672199713e-02
2.450987121581792508e-02
2.439021785240649484e-02
2.427114213406519547e-02
2.415264501758676921e-02
2.403472734207254616e-02
2.391738983196439738e-02
2.380063310001737445e-02
2.368445765021386096e-02
2.356886388061928128e-02
2.345385208618201364e-02
2.333942246147712937e-02
2.322557510339464878e-02
2.311231001377466593e-02
2.299962710198881835e-02
2.288752618746991638e-02
2.277600700218990540e-02
2.266506919308718462e-02
2.255471232444505175e-02
2.244493588022032637e-02
2.233573926632496931e-02
2.222712181285973337e-02
2.211908277630197928e-02
2.201162134164768788e-02
2.190548361702334551e-02
2.179994327887744762e-02
2.169496389800662159e-02
2.159054461351564078e-02
2.148668449970918617e-02
2.138338256802470652e-02
2.128063776892660450e-02
2.117844899375909487e-02
2.107681507655877196e-02
2.097573479583012337e-02
2.087520687628147478e-02
2.077522999052437702e-02
2.067580276073539489e-02
2.057692376028265324e-02
2.047859151531620028e-02
2.038080450632389143e-02
2.028356116965323100e-02
2.018685989899914393e-02
2.009069904685897509e-02
1.999507692595559397e-02
1.989999181062784145e-02
1.980544193819063631e-02
1.971142551026405440e-02
1.961794069407240063e-02
1.952498562371383917e-02
1.943255840140106425e-02
1.934065709867359428e-02
1.924927975758258455e-02
1.915842439184749571e-02
1.906808898798681082e-02
1.897827150642191971e-02
1.888896988255533635e-02
1.880018202782378356e-02
1.871190583072633237e-02
1.862413915782812346e-02
1.853687985474047548e-02
1.845012574707719302e-02
1.836387464138843420e-02
1.827812432607162779e-02
1.819287257226073415e-02
1.810811713469342651e-02
1.802385575255749731e-02
1.794008615031634363e-02
1.785680603851402815e-02
1.777401311456041147e-02
1.769170506349673419e-02
1.760987955874200594e-02
1.752853426282102375e-02
1.744766682807295105e-02
1.736727489734315316e-02
1.728735610465639491e-02
1.720790807587331203e-02
1.712892842932966370e-02
1.705041477645896641e-02
1.697236472239899152e-02
1.689477586658255995e-02
1.681764580331196121e-02
1.674097212231908868e-02
1.666475240931000051e-02
1.658898424649502684e-02
1.651366521310443022e-02
1.643879288589039298e-02
1.636436483961477284e-02
1.629037864752366088e-02
1.621683188180902610e-02
1.614372211405705818e-02
1.607104691568385021e-02
1.599880385835972252e-02
1.592699051442002939e-02
1.585560445726514125e-02
1.578464326174864457e-02
1.571410450455431804e-02
1.564398576456173251e-02
1.557428462320146860e-02
1.550499866479942979e-02
