2.771964962550196310e-01
2.739234185496225438e-01
3.177389296889083781e-01
3.222780879126609932e-01
2.902644751242611787e-01
2.838375397040777126e-01
2.970786264988460879e-01
4.150774346893312816e-01
3.955328220183673693e-01
3.089332520539250782e-01
3.628858659469309522e-01
4.881838246518183100e-01
5.504365988856468883e-01
6.248879325169566235e-01
6.172726396610368482e-01
6.169116921032651302e-01
6.173928311617407072e-01
6.406348253068069321e-01
6.636824495663989909e-01
6.528773024872724928e-01
6.305460580732078490e-01
6.271674860041758226e-01
5.795581797467620477e-01
4.826154792037642416e-01
5.294614258390702988e-01
6.677884403911837907e-01
7.440822523244930986e-01
7.162373017616628923e-01
5.902087855666350302e-01
5.440714274809763662e-01
5.458384101647435482e-01
5.307536414664266733e-01
4.951260009219380365e-01
4.436113169631039632e-01
3.827323394829846848e-01
3.880756285933118499e-01
4.047002817952271014e-01
4.237313850976701102e-01
4.868436756643987895e-01
5.471871616387108395e-01
5.690461200685356102e-01
5.738494623526279037e-01
5.604028714010373946e-01
6.028608486528552746e-01
6.328865659037369307e-01
6.460059505448971784e-01
6.410078595645817279e-01
6.349647698653960726e-01
7.025024504364638656e-01
8.196407413072873682e-01
9.289001550866285983e-01
9.942025678945776157e-01
1.008322647890998791e+00
9.823059709346241286e-01
9.341570093837154865e-01
8.775918206462504090e-01
8.195134398554014821e-01
7.619430442674242077e-01
7.034557424629489519e-01
6.511512227793877505e-01
6.454846720632488877e-01
6.334661958433891460e-01
6.162971608569444149e-01
5.911328164164759702e-01
5.622334694868864613e-01
5.517666130531349022e-01
5.496396499360876042e-01
5.464418643485314808e-01
5.424217444458392379e-01
5.363524453005686921e-01
5.275364157081806615e-01
5.127625759135440164e-01
4.975352568409714960e-01
5.180424851844350753e-01
5.445689997486020673e-01
5.704456349396022086e-01
5.933607722562267428e-01
6.504762261243941524e-01
7.054453712080124284e-01
7.553066288109431259e-01
7.971861046704294962e-01
8.296271755983813945e-01
8.514942904380380373e-01
8.722623056705466338e-01
8.834801408347157103e-01
8.852378232269937364e-01
8.780416891619893249e-01
8.636171487439517902e-01
8.422858433726135852e-01
8.270703529091554262e-01
8.264448429304741550e-01
8.160385800223188824e-01
7.997574441502328657e-01
7.786966893654547750e-01
7.557629488049968369e-01
7.330377851358810259e-01
7.111108498062391758e-01
6.906320085200496894e-01
6.750839902593367414e-01
6.633591422216208455e-01
6.527464170773035201e-01
6.430481495665767433e-01
6.339177912615542310e-01
6.247331566755978116e-01
6.153881260861420177e-01
6.066922136683666755e-01
5.980573204783793395e-01
5.898894911423713250e-01
5.828912653561049151e-01
5.765642294547410618e-01
5.718310382253812829e-01
5.679740397603912916e-01
5.653481066185683801e-01
5.634912082335659100e-01
5.619622180370480446e-01
5.608812363052874117e-01
5.593282801253210978e-01
5.570120779521122722e-01
5.539511831316699109e-01
5.496295459988765897e-01
5.437504453978453389e-01
5.362156820098951115e-01
5.270182985510204476e-01
5.162340235158507928e-01
5.041672766252285331e-01
4.907737663134370543e-01
4.762906187846965289e-01
4.621923983620783161e-01
4.522288799308263885e-01
4.414510436473764177e-01
4.301285885344482973e-01
4.186082202676084663e-01
4.071704167057075829e-01
3.959352536571725256e-01
3.854338257025692327e-01
3.757981239615164060e-01
3.671793055352131629e-01
3.597679646176094037e-01
3.536903597168979396e-01
3.490088597515655366e-01
3.457249794281634370e-01
3.437845410035310079e-01
3.430844719587603509e-01
3.434807489780023482e-01
3.447970223975097004e-01
3.468334963848486718e-01
3.495088649798939739e-01
3.525305427451713158e-01
3.556599431131373668e-01
3.586846955752482913e-01
3.616820677938700768e-01
3.642739987315959937e-01
3.664014881319511696e-01
3.680420498551247310e-01
3.689901565132721606e-01
3.692977903880731994e-01
3.688675654189327857e-01
3.676059125837912722e-01
3.657083900161231527e-01
3.629298885119212059e-01
3.594279786542962651e-01
3.552440547206723864e-01
3.502731612092522262e-01
3.446819358969331892e-01
3.385145238542155433e-01
3.317033837936320118e-01
3.244174847705669773e-01
3.167107808181602868e-01
3.085261785291328884e-01
3.000793213832862460e-01
2.913358542819136643e-01
2.823297479141622657e-01
2.732552987796464938e-01
2.639781313114531458e-01
2.547881810578144779e-01
2.455098704081443706e-01
2.364003737653560810e-01
2.273620730548418234e-01
2.185036769830787096e-01
2.099108689054265953e-01
2.015576940719843169e-01
1.935022849004208734e-01
1.858070511456532403e-01
1.785206309619876974e-01
1.716407363161802091e-01
1.651966362579335157e-01
1.592103154643044749e-01
1.536968325020104109e-01
1.486991097461653755e-01
1.441972551123236745e-01
1.401819166398596550e-01
1.366432953281841445e-01
1.335699412747900494e-01
1.310028006768875208e-01
1.288579875836499689e-01
1.271104449743409581e-01
1.257452629945121081e-01
1.247659889724793414e-01
1.240929147379243730e-01
1.236948983783006800e-01
1.235405877598679536e-01
1.236043638008768458e-01
1.238715204583290957e-01
1.242829949792160077e-01
1.248096486762395457e-01
1.254235663392815336e-01
1.260982165531331078e-01
1.268085816642122443e-01
1.275312593324684496e-01
1.282445377201141268e-01
1.289311752001209288e-01
1.296002745742969031e-01
1.302104908128458305e-01
1.307467404375694253e-01
1.311956727090595465e-01
1.315494985065057687e-01
1.318459244567251054e-01
1.320279187196586601e-01
1.320881723468746161e-01
1.320672522001501425e-01
1.319341537322778757e-01
1.316671916723050617e-01
1.313311287977073638e-01
1.308615165292801030e-01
1.302945551293133719e-01
1.296240995435140875e-01
1.288467888926278226e-01
1.279813202867523536e-01
1.270148392036133111e-01
1.259634687288147259e-01
1.248298116652209883e-01
1.236042401622572673e-01
1.223244113535727484e-01
1.209544482260827281e-01
1.195292253565538171e-01
1.180372444882185345e-01
1.164733349223862485e-01
1.148744992504992929e-01
1.132096511553697948e-01
1.132147960245264706e-01
1.135875103991547258e-01
1.138830165874032962e-01
1.141019061467162532e-01
1.142840539344520262e-01
1.143909695906095147e-01
1.144236853408108628e-01
1.144199240487095703e-01
1.143487807770958847e-01
1.142075647108323905e-01
1.140368778811408079e-01
1.138012582994747390e-01
1.135039183644703242e-01
1.131807586035384200e-01
1.127962923508214199e-01
1.123603521830074392e-01
1.118991227036333774e-01
1.113826484632034070e-01
1.108220341890127497e-01
1.102398621332690565e-01
1.096087403096698693e-01
1.089359422907128644e-01
1.082501331729205790e-01
1.075216957464595752e-01
1.067530623874037160e-01
1.059755131128568978e-01
1.051666356886387793e-01
1.043236889463127620e-01
1.034594326461074770e-01
1.025862124716478280e-01
1.016847511420849587e-01
1.007572801218697273e-01
9.981983776261907360e-02
9.887457725008787224e-02
9.790861915961755757e-02
9.692400088097707922e-02
9.592470449539008959e-02
9.493334589668553369e-02
9.392803313439043733e-02
9.291057983295311629e-02
9.188273724157268452e-02
9.084619309253229302e-02
8.981824168542230924e-02
8.878900995448632538e-02
8.775479089227571083e-02
8.671703379936293588e-02
8.567712366790108947e-02
8.463638144705483424e-02
8.359986803013223777e-02
8.257691566603997391e-02
8.155587646369354127e-02
8.053784526660809351e-02
7.952385691847359273e-02
7.851488734008754689e-02
7.751185470811551570e-02
7.651562072306961060e-02
7.552699195469375626e-02
7.455634720124801329e-02
7.359533372423986142e-02
7.264339142402073679e-02
7.170114447335121377e-02
7.076916917627172621e-02
6.984799553438274244e-02
6.893810883142083290e-02
6.803995122949395291e-02
6.715392337090519970e-02
6.628038598000060566e-02
6.541966145997393789e-02
6.457203548002588001e-02
6.373775854871552293e-02
6.292148389168296385e-02
6.211909932342533219e-02
6.133024420841924618e-02
6.055506198462980161e-02
5.979366796833583686e-02
5.904615077450316163e-02
5.831257370605710810e-02
5.759297611044735671e-02
5.688737470213585390e-02
5.619576484987184872e-02
5.551812182782880217e-02
5.485440202986986702e-02
5.420454414639257201e-02
5.356847030336635285e-02
5.294608716332668830e-02
5.233728698823103542e-02
5.174194866420527700e-02
5.115993868832403868e-02
5.059111211767335081e-02
5.003531348103615328e-02
4.949237765362420050e-02
4.896213069535589046e-02
4.844439065324636362e-02
4.793896832853259543e-02
4.744566800920865107e-02
4.696428816869221978e-02
4.649462213137802585e-02
4.603645870586967059e-02
4.558958278670714737e-02
4.515377592542711011e-02
4.472881687181481242e-02
4.431448208621485002e-02
4.391054622378215422e-02
4.351678259155530859e-02
4.313296357924180369e-02
4.275886106460029951e-02
4.239424679430543047e-02
4.203889274117365848e-02
4.169257143861983955e-02
4.135505629320831988e-02
4.102612187614760458e-02
4.070554419456771239e-02
4.039310094340264889e-02
4.008857173868828755e-02
3.979173833306702546e-02
3.950238481427589821e-02
3.922029778737341071e-02
3.894526654144742778e-02
3.867708320152239698e-02
3.841554286636647553e-02
3.816044373288162567e-02
3.791158720773703944e-02
3.766877800688656769e-02
3.743182424359402238e-02
3.720053750556421429e-02
3.697473292176574333e-02
3.675422921950101396e-02
3.653884877227186329e-02
3.632841763895764547e-02
3.612276559481181898e-02
3.592172615476091346e-02
3.572513658946895043e-02
3.553283793461810974e-02
3.534467499383089212e-02
3.516049633564789778e-02
3.498015428495471202e-02
3.480350490923415918e-02
3.463040800000728031e-02
3.446072704980601004e-02
3.429432922500837144e-02
3.413108533485004897e-02
3.397086979691284897e-02
3.381356059937475761e-02
3.365903926029420457e-02
3.350719078418730457e-02
3.335790361614274224e-02
3.321106959370841161e-02
3.306658389677068210e-02
3.292434499563676176e-02
3.278425459751671545e-02
3.264621759159504893e-02
3.251014199286787060e-02
3.237593888491404476e-02
3.224352236175676706e-02
3.211280946896589300e-02
3.198372014414042203e-02
3.185617715690130386e-02
3.173010604852061212e-02
3.160543507129951607e-02
3.148209512780675984e-02
3.136001971007515432e-02
3.123914483885410764e-02
3.111940900300282087e-02
3.100075309910868548e-02
3.088312037140494848e-02
3.076645635205886228e-02
3.065070880189546543e-02
3.053582765161548182e-02
3.042176494356499047e-02
3.030847477410517424e-02
3.019591323662892263e-02
3.008403836526773664e-02
2.997281007932452862e-02
2.986219012847030063e-02
2.975214203873164168e-02
2.964263105930040401e-02
2.953362411018824185e-02
2.942508973074783180e-02
2.931699802907968347e-02
2.920932063234189802e-02
2.910203063797433404e-02
2.899510256585172141e-02
2.888851231137173903e-02
2.878223709948867642e-02
2.867625543969464300e-02
2.857054708195511453e-02
2.846509297359862273e-02
2.835987521716142393e-02
2.825487702918685201e-02
2.815008269997585841e-02
2.804547755428584560e-02
2.794104791297222570e-02
2.783678105556800300e-02
2.773266518379306420e-02
2.762868938598651847e-02
2.752484360245211967e-02
2.742111859170978314e-02
2.731750589764029777e-02
2.721399781751387623e-02
2.711058737089176024e-02
2.700726826938802672e-02
2.690403488727966322e-02
2.680088223295262403e-02
2.669780592117012089e-02
2.659480214615017254e-02
2.649186765543880273e-02
2.638931507695102541e-02
2.628729606502102842e-02
2.618533492944015439e-02
2.608343017227536531e-02
2.598158073852386424e-02
2.587978599430617449e-02
2.577804570575197018e-02
2.567636001856430164e-02
2.557472943824791803e-02
2.547315481098776785e-02
2.537163730516251575e-02
2.527017839347970793e-02
2.516877983571809765e-02
2.506744366206285074e-02
2.496617215701912168e-02
2.486496784389165618e-02
2.476383346981508166e-02
2.466277199132149017e-02
2.456178656043256012e-02
2.446088051126177679e-02
2.436005734711478229e-02
2.425932072807342188e-02
2.415867445905151359e-02
2.405812247830976802e-02
2.395766884641648692e-02
2.385731773564263650e-02
2.375707341977873616e-02
2.365694026436181152e-02
2.355692271730049775e-02
2.345702529988716312e-02
2.335725259818535390e-02
2.325760925478172203e-02
2.315809996089199588e-02
2.305872944880957634e-02
2.295950248468606875e-02
2.286042386163562520e-02
2.276149839315025000e-02
2.266273090681862265e-02
2.256412623833741610e-02
2.246568922580587449e-02
2.236742470429637156e-02
2.226933750068891410e-02
2.217143242876363704e-02
2.207371428454085391e-02
2.197618784186193552e-02
2.187885784820148630e-02
2.178172902070419845e-02
2.168480604243711377e-02
2.158809355885222062e-02
2.149159617444845044e-02
2.139531844963036764e-02
2.129932539279285816e-02
2.120405768140783825e-02
2.110901447579251536e-02
2.101420018163181053e-02
2.091961914923105154e-02
2.082527567131788049e-02
2.073117398099490888e-02
2.063731824983920660e-02
2.054371258614157841e-02
2.045036103328127727e-02
2.035726756823016265e-02
2.026443610018184571e-02
2.017187046930018698e-02
2.007957444558308366e-02
1.998755172783595394e-02
1.989580594275145928e-02
1.980434064409044778e-02
1.971315931195948348e-02
1.962226535218204379e-02
1.953166209575810802e-02
1.944135279840935454e-02
1.935134064020511968e-02
1.926162872526671066e-02
1.917222008154516322e-02
1.908311766067083415e-02
1.899432433786965926e-02
1.890584291194417205e-02
1.881767610531594193e-02
1.872982656412584129e-02
1.864229685839036837e-02
1.855508948221037610e-02
1.846820685402998305e-02
1.838165131694248153e-02
1.829542513904163642e-02
1.820953051381577273e-02
1.812396956058110603e-02
1.803874432495426727e-02
1.795385677935968163e-02
1.786930882357127062e-02
1.778510228528571921e-02
1.770123892072545183e-02
1.761772041526960333e-02
1.753454838411176719e-02
1.745172437294088483e-02
1.736924985864628582e-02
1.728712625004314579e-02
1.720535488861790405e-02
1.712393704929158697e-02
1.704287394120046137e-02
1.696216670849157865e-02
1.688181643113276925e-02
1.680182412573519649e-02
1.672219074638813668e-02
1.664291718550372362e-02
1.656400427467143513e-02
1.648545278552090293e-02
1.640726343059195971e-02
1.632943686421147594e-02
1.625197368337496021e-02
1.617487442863351638e-02
1.609813958498403433e-02
1.602176958276273558e-02
1.594576479854030102e-02
1.587012555601896580e-02
1.579485212693029425e-02
1.571994473193268418e-02
1.564540354150869075e-02
1.557122867686083940e-02
1.549742021080606491e-02
1.542397816866744424e-02
1.535090252916367255e-02
1.527819322529448687e-02
1.520585014522319277e-02
1.513387313315420722e-02
1.506226199020658033e-02
1.499101647528206308e-02
1.492013630592815832e-02
1.484962115919515914e-02
1.477947067248730831e-02
1.470968444440751491e-02
1.464026203559528998e-02
1.457120296955820814e-02
1.450250673349549359e-02
1.443417277911486322e-02
1.436620052344121309e-02
1.429858934961785594e-02
1.423133860769943727e-02
1.416444761543688390e-02
1.409791565905357986e-02
1.403174199401387851e-02
1.396592584578171259e-02
1.390046641057169838e-02
1.383536285609021643e-02
1.377061432226880933e-02
1.370621992198698888e-02
1.364217874178723713e-02
1.357848984258014022e-02
1.351520359185627053e-02
1.345233923638828981e-02
1.338982127979468709e-02
1.332764873478360819e-02
1.326582059123253450e-02
1.320433581684092930e-02
