5.098877849379291893e-01
5.271775522358406185e-01
5.593386679617564639e-01
5.799167046438820083e-01
5.627080506573630680e-01
5.607612452587628082e-01
5.995963447306366101e-01
6.522644119070936108e-01
7.801623717642852673e-01
8.766244599199608523e-01
7.979527265831465321e-01
8.152553832131440581e-01
9.490367934251285886e-01
1.068561862090962933e+00
1.010995881089721049e+00
9.664453527674098376e-01
8.171298783801665966e-01
9.767536199487339976e-01
9.358265101666487507e-01
8.935108839277261517e-01
1.028737617058772091e+00
1.087405063152982132e+00
1.088449006570244793e+00
1.233669126552840334e+00
1.629007950166648344e+00
1.858871709815496986e+00
1.758610630308971690e+00
1.422836248400700665e+00
1.241317145048894899e+00
1.142709528344213465e+00
1.043709785703911264e+00
1.087356438142049297e+00
1.132520522308908983e+00
1.129475753139481675e+00
1.141752801544114959e+00
1.144147781189353008e+00
1.136192266651582461e+00
1.117303040471354425e+00
1.089551258823896474e+00
1.054057110364797989e+00
1.009150034214301828e+00
9.534136652588095506e-01
8.927127556054087476e-01
9.010996207595621810e-01
9.377321653978178961e-01
9.475713971428592064e-01
9.319150114101435456e-01
9.228731705201375091e-01
9.746358350782461377e-01
1.050876803904104317e+00
1.083275019324959842e+00
1.058189934593684045e+00
1.002363266838032230e+00
9.322106636441312988e-01
8.585065809671050818e-01
7.873977513874224066e-01
7.198032708139885383e-01
6.554384284771462843e-01
5.995598707218056100e-01
5.543633250793709166e-01
5.139814492145267089e-01
4.797691674465318079e-01
4.534879422173101471e-01
4.367597610433472388e-01
4.294232003139736298e-01
4.303011876784375023e-01
4.368432907888070149e-01
4.453224317379027020e-01
4.543749926663401273e-01
4.732073209852104556e-01
4.874060322296320802e-01
4.951773074717059631e-01
4.954647873609914766e-01
4.889339229697374778e-01
5.037010318064688574e-01
5.107687880103712885e-01
5.097822445705110228e-01
5.023009268985543230e-01
5.112755661373570293e-01
5.140088264025245435e-01
5.107608485082877348e-01
5.018432741546055009e-01
4.876219233412060206e-01
4.685529296187133097e-01
4.451968465808451847e-01
4.182112212746820212e-01
3.883635188050605369e-01
3.803799869309776316e-01
3.727503173578781137e-01
3.705601754540173154e-01
3.698071413499990356e-01
3.691133973090395259e-01
3.683760971821748997e-01
3.675032777848287191e-01
3.664231692170960564e-01
3.650142685850170099e-01
3.632392818377027099e-01
3.610701609196059758e-01
3.585158663055675876e-01
3.555020421432044664e-01
3.520158747776495622e-01
3.480503941207415686e-01
3.436048081737478888e-01
3.386841907102638993e-01
3.333600620187033292e-01
3.276028718084881275e-01
3.214302628916502758e-01
3.148623087782960739e-01
3.079196928776131714e-01
3.006913319736744805e-01
2.932233037779391482e-01
2.914839046746084961e-01
2.903251470013826219e-01
2.890282665585649502e-01
2.874619098700700315e-01
2.857732631460433437e-01
2.838733670905282946e-01
2.818744881556006221e-01
2.797076276675410922e-01
2.774706711440569351e-01
2.750930949403709302e-01
2.726789354277321942e-01
2.701350271615590715e-01
2.675928900178481951e-01
2.649279135073646096e-01
2.622829813458690817e-01
2.595480214061172131e-01
2.567987382631870541e-01
2.540180775976494387e-01
2.511726143241803655e-01
2.483637613915744002e-01
2.454861597357741454e-01
2.426002459173024206e-01
2.397145836202938529e-01
2.367737600840907897e-01
2.338503732021929571e-01
2.309145396458670840e-01
2.279339860451524979e-01
2.249726396688524477e-01
2.220069924638213843e-01
2.190056573791179517e-01
2.160071574821364193e-01
2.130299118936344882e-01
2.100255785045940793e-01
2.069983871069535630e-01
2.040241246223667981e-01
2.010349059091555979e-01
1.980312833384847981e-01
1.950361378745202323e-01
1.920806713801930521e-01
1.891191538668288152e-01
1.861554533007863943e-01
1.832142321387977280e-01
1.803130732011923865e-01
1.774174524817974385e-01
1.745308117177278018e-01
1.716650974999768264e-01
1.688538847821042521e-01
1.660582442584590812e-01
1.632810465914504572e-01
1.605249767436998654e-01
1.578216450944220361e-01
1.551535999166496205e-01
1.525113284935708524e-01
1.498968601394519984e-01
1.473123067488638360e-01
1.447916344486748219e-01
1.423017882502493059e-01
1.398441537718642658e-01
1.374199413464040620e-01
1.350321805619137949e-01
1.327042644052714437e-01
1.304108634187626792e-01
1.281526351975894318e-01
1.259300950473974667e-01
1.237436241874639853e-01
1.216138924395323284e-01
1.195204972619889755e-01
1.174624359542940089e-01
1.154397008574970657e-01
1.144551454090084880e-01
1.138863720220747999e-01
1.132514092688190060e-01
1.125250943143471100e-01
1.117615765833896019e-01
1.109186927850888960e-01
1.100136795266598438e-01
1.090703096801385608e-01
1.080591922810300448e-01
1.070038682522022749e-01
1.059141362022495148e-01
1.047684347134058419e-01
1.035861046134768371e-01
1.023800750935224962e-01
1.011280563886180622e-01
9.984161409095226869e-02
9.854441970440777632e-02
9.720966366868401265e-02
9.584338759430935384e-02
9.447591332201527026e-02
9.307799375169768796e-02
9.165717907685837218e-02
9.023672490003152580e-02
8.879185484410263840e-02
8.734077167050609269e-02
8.588167688489251050e-02
8.441252681781299949e-02
8.294337511267119156e-02
8.147179325405828898e-02
8.000159715964350049e-02
7.854521420712615165e-02
7.720019178051341913e-02
7.588551608887594835e-02
7.458026670561679339e-02
7.328332089268764504e-02
7.267025075418998004e-02
7.257231682398707084e-02
7.246484323938015559e-02
7.234751806377504035e-02
7.221321759452090094e-02
7.206578918983636006e-02
7.191385140810332977e-02
7.174604916177997060e-02
7.156283883651776145e-02
7.137684852703414518e-02
7.117808280137778720e-02
7.096487530155957957e-02
7.074341705962088056e-02
7.051598746795190165e-02
7.027501004297188880e-02
7.002087258876488196e-02
6.976598426947928921e-02
6.949931294105629598e-02
6.922030589842140258e-02
6.893408522960525753e-02
6.864368852594673887e-02
6.834174688795735531e-02
6.802861263187014174e-02
6.771402272155349622e-02
6.739101284629400723e-02
6.705756685794804495e-02
6.671620927383752064e-02
6.637394538865099003e-02
6.602198430386024830e-02
6.566065685060690216e-02
6.529635221260234046e-02
6.492763271051668617e-02
6.455026326789230218e-02
6.416456383457105894e-02
6.378019775397510138e-02
6.338849165159887722e-02
6.298915026607797285e-02
6.258526013825033152e-02
6.218088454249420111e-02
6.176955290230137785e-02
6.135156627315537653e-02
6.093286006052146819e-02
6.051114668140741837e-02
6.008343206241990170e-02
5.965000470857166615e-02
5.921916749612113340e-02
5.878326576273796428e-02
5.834227624579160776e-02
5.789874948701256158e-02
5.745614570949959810e-02
5.700905712228934719e-02
5.655774840161970074e-02
5.610714851231489442e-02
5.565536001947999495e-02
5.519991998147179280e-02
5.474153393902467246e-02
5.428637371562882591e-02
5.382810492201348801e-02
5.336696552891764811e-02
5.290765269069153121e-02
5.244777799440097921e-02
5.198553740631899067e-02
5.152505954491189144e-02
5.106471613354095218e-02
5.060248390313518141e-02
5.014430370217789340e-02
4.968454137106649571e-02
4.922733301303958836e-02
4.877032698351285722e-02
4.831600317323864885e-02
4.786201501111450596e-02
4.741192204799968973e-02
4.696306683809518129e-02
4.651688950914670273e-02
4.607500379659006801e-02
4.563889302565995315e-02
4.521305560068263063e-02
4.479513545720938822e-02
4.438179394736572331e-02
4.397221877836418602e-02
4.356607922789395432e-02
4.321805778814086924e-02
4.289861551511971183e-02
4.257613286468688030e-02
4.225336278358511610e-02
4.193023021821370294e-02
4.160451634070726212e-02
4.127711492511949160e-02
4.095138620107811878e-02
4.062350380222914947e-02
4.029364430942596054e-02
3.996246261352805196e-02
3.963340962419382302e-02
3.930276483303472845e-02
3.897068864138836242e-02
3.868102949195455220e-02
3.846579863035658881e-02
3.825115539996933045e-02
3.803711407593167448e-02
3.782368872732105175e-02
3.761089320602879066e-02
3.739913199158083346e-02
3.718922593766964269e-02
3.697995731092793004e-02
3.677133948216327469e-02
3.656338555844914490e-02
3.635610837678620449e-02
3.614952049845032711e-02
3.594363420399711295e-02
3.573854780380563562e-02
3.553553432599971390e-02
3.533322779156593957e-02
3.513163978053549658e-02
3.493078157157657182e-02
3.473066414024802984e-02
3.453129815770997202e-02
3.433269398986490972e-02
3.413541935736730953e-02
3.393965441192182964e-02
3.374465355416267354e-02
3.355042636113664267e-02
3.335698210121872814e-02
3.316432973535167472e-02
3.297247791856961624e-02
3.278186449026136706e-02
3.259280954101830691e-02
3.240455455932352014e-02
3.221710740362739023e-02
3.203047563281574001e-02
3.184466650908706481e-02
3.165968700100411926e-02
3.147636343406860077e-02
3.129412507575444341e-02
3.111271294942040064e-02
3.093213326144057806e-02
3.075239193704511903e-02
3.057349462417574548e-02
3.039590141464936293e-02
3.021968961457376784e-02
3.004431627863570278e-02
2.986978634110086517e-02
2.969610447459224839e-02
2.952327509440268172e-02
2.935160925492396461e-02
2.918140279725017772e-02
2.901204131040499914e-02
2.884352855583206809e-02
2.867586805501703279e-02
2.850906309400186647e-02
2.834340772497181624e-02
2.817915746379398220e-02
2.801575348429936191e-02
2.785319848434092763e-02
2.769149494438109815e-02
2.753064513202196223e-02
2.737102659280109609e-02
2.721265868100488164e-02
2.705513373508235467e-02
2.689845350196276574e-02
2.674261953370206737e-02
2.658763319189963448e-02
2.643402345202625764e-02
2.628144268951962056e-02
2.612969752722800465e-02
2.597878887265916287e-02
2.582871746026908430e-02
2.567953776143801214e-02
2.553180647450218124e-02
2.538489960311368990e-02
2.523881747892539260e-02
2.509356027722538934e-02
2.494912802094699511e-02
2.480583985166198713e-02
2.466366737968213665e-02
2.452230616785813083e-02
2.438175589689883446e-02
2.424201611074177504e-02
2.410311195069523779e-02
2.396556415187878208e-02
2.382881265977238386e-02
2.369285672115376690e-02
2.355769546062808778e-02
2.342332788410744771e-02
2.329909231510305864e-02
2.318828138358938751e-02
2.307782678308235511e-02
2.296773437648362906e-02
2.285800981278203470e-02
2.274865853156046377e-02
2.263968576744017705e-02
2.253109655446418683e-02
2.242289573041595513e-02
2.231508794107735574e-02
2.220767764442195188e-02
2.210066911474774243e-02
2.199406644674426967e-02
2.188787355949994851e-02
2.178209420044463496e-02
2.167673194923072991e-02
2.157179022155204101e-02
2.146727227290053108e-02
2.136318120226166073e-02
2.126010607466982325e-02
2.115746248671131896e-02
2.105524324861953595e-02
2.095345104561837854e-02
2.085208842134204238e-02
2.075115778120154367e-02
2.065066139569260439e-02
2.055060140364493859e-02
2.045097981541387985e-02
2.035179851601401704e-02
2.025305926819705865e-02
2.015476371547247902e-02
2.005691338507314611e-02
1.995950969086586826e-02
1.986255393620703358e-02
1.976604731674517709e-02
1.966999092316975770e-02
1.957438574390778230e-02
1.947923266776861728e-02
1.938453248653721622e-02
1.929028589751720368e-02
1.919649350602349938e-02
1.910315582782685234e-02
1.901027329154822074e-02
1.891784624100704623e-02
1.882587493752057792e-02
1.873435956215831893e-02
1.864330021794949332e-02
1.855269693204571191e-02
1.846254965783956578e-02
1.837285827703871721e-02
1.828362260169731288e-02
1.819484237620504555e-02
1.810651727923392670e-02
1.801867901457134338e-02
1.793163258869388474e-02
1.784503323905403671e-02
1.775888050845838423e-02
1.767317388143275700e-02
1.758791278595690788e-02
1.750309659516252961e-02
1.741872462899395069e-02
1.733479615583278025e-02
1.725131039408693209e-02
1.716826651374479124e-02
1.708566363789467205e-02
1.700350084421068525e-02
1.692177716640575966e-02
1.684049159565184292e-02
1.675964308196765951e-02
1.667923053557594446e-02
1.659925282822963255e-02
1.651970879450705490e-02
1.644059723307843973e-02
1.636191690794283962e-02
1.628366654963633170e-02
1.620584485641251432e-02
1.612845049539531755e-02
1.605148210370462361e-02
1.597493828955599479e-02
1.589881763333390180e-02
1.582311868863969795e-02
1.574783998331463417e-02
1.567298002043852542e-02
1.559853727930418828e-02
1.552451021636871119e-02
1.545089726618134249e-02
1.537769684228914961e-02
1.530490733811997600e-02
1.523252712784480510e-02
1.516055456721741510e-02
1.508898799439449025e-02
1.501782573073492770e-02
1.494706608157884802e-02
1.487670733700764344e-02
1.480674777258436312e-02
1.473718565007567545e-02
1.466801921815549282e-02
1.459924671309025673e-02
1.453086635940711163e-02
1.446287637054459972e-02
1.439527494948639186e-02
1.432806028937897921e-02
1.426123057413248435e-02
1.419478397900644437e-02
1.412871867117960860e-02
1.406303281030476214e-02
1.399772454904893264e-02
1.393279203361879291e-02
1.386823340427204704e-02
1.380404679581506526e-02
1.374023033808697246e-02
1.367678215642991607e-02
1.361370037214756565e-02
1.355098310294954034e-02
1.348862846338451035e-02
1.342663456526069048e-02
1.336499951805447672e-02
1.330380926111533399e-02
1.324304272026240702e-02
1.318262667944535178e-02
1.312255928414232144e-02
1.306283867872570434e-02
1.300346300681578388e-02
1.294443041162328910e-02
1.288573903628310174e-02
1.282738702417692001e-02
1.276937251924735450e-02
1.271169366630206521e-02
1.265434861130911894e-02
1.259733550168304524e-02
1.254065248656284146e-02
1.248429771708063976e-02
1.242826934662266160e-02
1.237256553108188710e-02
1.231718442910264937e-02
1.226212420231758381e-02
1.220738301557728819e-02
1.215295903717216776e-02
1.209885043904716795e-02
1.204505539700973307e-02
1.199157209093072371e-02
1.193839870493859819e-02
1.188553342760698302e-02
1.183297445213626377e-02
1.178071997652837752e-02
1.172876820375597616e-02
1.167711734192529958e-02
1.162576560443373888e-02
1.157471121012118229e-02
1.152395238341635819e-02
1.147348735447743621e-02
1.142331435932769299e-02
1.137343163998575692e-02
1.132383744459117096e-02
1.127453002752488997e-02
1.122550764952526432e-02
1.117676857779902055e-02
1.112831108612809955e-02
1.108013345497208153e-02
1.103223397156615111e-02
1.098461093001497531e-02
1.093726263138263856e-02
1.089018738377834673e-02
1.084338350243867558e-02
1.079684930980558122e-02
1.075058313560127259e-02
1.070458331689910780e-02
1.065884819819111137e-02
1.061337613145241221e-02
1.056816547620187223e-02
1.052321459956012673e-02
1.047852187630372509e-02
1.043408568891713954e-02
1.038990442764114834e-02
1.034597649051854917e-02
1.030230028343709532e-02
1.025887422016983144e-02
1.021569672241260697e-02
1.017276621981888854e-02
1.013008115003252371e-02
1.008763995871757128e-02
1.004544109958605512e-02
1.000348303442353398e-02
9.961764233111842018e-03
9.920283173650375555e-03
9.879038342174963419e-03
9.838028232974440485e-03
9.797251348505665175e-03
9.756706199406274885e-03
9.716391304505732698e-03
9.676305190834469383e-03
9.636446393631278515e-03
9.596813456349028923e-03
9.557404930658555675e-03
9.518219376451223998e-03
9.479255361839496533e-03
9.440511463156405977e-03
9.401986264953284336e-03
9.363678359996159897e-03
9.325586349260641533e-03
9.287708841925689310e-03
