2.251397805938414876e-01
2.314955134416928628e-01
2.386347552787987103e-01
2.374183263444132330e-01
2.555037997377754833e-01
2.703241205868070485e-01
2.972088015230070490e-01
3.639683481840168544e-01
3.652986103612082536e-01
3.409252892487910636e-01
3.160833376067652689e-01
3.155168439430078298e-01
2.980062901493614747e-01
3.049569483804557279e-01
3.690207493971828234e-01
3.874072468878460018e-01
4.262349097098134254e-01
4.750161209885815361e-01
4.273852947557817417e-01
4.411398619528936749e-01
4.458438375553592237e-01
4.322098508976228715e-01
4.669267442260919276e-01
4.556005547960694790e-01
3.972386204076284177e-01
4.594691926175338836e-01
4.413157087666927936e-01
4.074513549646913146e-01
3.520586635237256679e-01
3.105766502868669843e-01
3.101007109263670958e-01
3.271259996022340966e-01
3.247330760652737958e-01
3.253113324554000596e-01
3.154517938568014435e-01
3.734572630414457195e-01
4.322960805869999201e-01
4.736183170894965877e-01
4.876055179813659768e-01
4.796074223874516318e-01
4.604963297103540909e-01
4.548395161323328661e-01
4.858090459834704666e-01
5.292626295152014215e-01
5.528634151509188577e-01
5.607117493412954179e-01
5.608549724579724449e-01
5.488708159827204724e-01
5.237196499637596370e-01
4.971737103157913285e-01
4.785003086164471009e-01
4.624212674922423272e-01
4.404980626410093802e-01
4.119836738844940283e-01
3.805798569162247569e-01
3.604197113662536700e-01
3.423167481152312730e-01
3.259154713024710603e-01
3.067943480962637692e-01
2.823974332436679502e-01
2.583679729043916740e-01
2.454125451500453747e-01
2.479025159904307551e-01
2.587570544469725009e-01
2.677889868344637825e-01
2.697607888743109306e-01
2.646970521920793962e-01
2.554045101365334802e-01
2.448172533505629800e-01
2.341282468219966495e-01
2.233724780625258033e-01
2.124051897651675347e-01
2.017379624573567010e-01
1.923508284239582866e-01
1.849927802653934528e-01
1.792659763684364693e-01
1.741568687691097128e-01
1.685387887146867492e-01
1.621291159534298254e-01
1.556492206409173518e-01
1.501856544950819494e-01
1.467335483643998073e-01
1.455103683796446778e-01
1.458696175070496592e-01
1.466847230834845139e-01
1.468972959939045253e-01
1.457848506059094273e-01
1.431533717492405877e-01
1.410807525069529000e-01
1.467588925550034895e-01
1.523315770753610743e-01
1.611841458071153199e-01
1.703089143705252551e-01
1.791941217908740724e-01
1.875615085260913251e-01
1.951283474057482481e-01
2.017028899178128221e-01
2.070857769151084327e-01
2.113197717670226572e-01
2.145105164716612500e-01
2.169409113817457879e-01
2.189886565795131634e-01
2.210113645411806160e-01
2.232976205040125561e-01
2.261472057335753294e-01
2.297631222504100956e-01
2.342216205330711898e-01
2.395031641059281180e-01
2.454153890278633343e-01
2.516820839451870961e-01
2.579968862775759431e-01
2.640466049875557775e-01
2.695367842447584650e-01
2.742158531612265415e-01
2.779100604962406185e-01
2.804875213944296175e-01
2.818657664847642463e-01
2.820560429364871724e-01
2.811391921530665972e-01
2.793111976080042691e-01
2.767149662821022371e-01
2.735520025187873072e-01
2.700632719623347056e-01
2.663595603824782665e-01
2.662424639201398380e-01
2.670821063486001345e-01
2.676180603740321851e-01
2.679434790119826770e-01
2.681248135181690251e-01
2.682406359052582068e-01
2.683415255934699650e-01
2.683999182627517244e-01
2.683998284223439446e-01
2.683418427472054058e-01
2.682104645735833848e-01
2.680017219523724292e-01
2.677290267675337954e-01
2.674451764525458963e-01
2.672018017472541640e-01
2.670447624149446253e-01
2.669726221771981933e-01
2.669729079685286832e-01
2.670324885761514166e-01
2.671481319410410338e-01
2.673104974090235175e-01
2.675417040277225378e-01
2.678711928524040164e-01
2.682608451800608251e-01
2.686294378353268897e-01
2.688819741937212848e-01
2.688808076185045248e-01
2.685185786944808140e-01
2.677505154761354866e-01
2.665529664402617183e-01
2.649193982069186770e-01
2.628820562863572463e-01
2.611532140524882029e-01
2.613428368286346837e-01
2.611972560030868529e-01
2.607821704673193297e-01
2.601566771190753635e-01
2.594053213109421274e-01
2.585685242692927210e-01
2.577197258704113647e-01
2.569042364276697410e-01
2.561875683962290817e-01
2.556296904320047858e-01
2.552856185357226249e-01
2.552091992950115684e-01
2.554496099766310202e-01
2.560256195794261003e-01
2.569584312180512309e-01
2.582536933042304805e-01
2.598842463765093647e-01
2.618188168699793206e-01
2.640213185480369540e-01
2.664492950057444909e-01
2.690484784315650413e-01
2.717607390576639581e-01
2.745283697603213557e-01
2.772930893527533192e-01
2.799975297105627980e-01
2.826123075102244808e-01
2.850784316931588291e-01
2.873724437859454528e-01
2.894466061357638953e-01
2.912865979490850687e-01
2.928663066530194370e-01
2.941510563957953073e-01
2.951210197064838558e-01
2.957710588388994255e-01
2.961039746471456624e-01
2.961111400227622314e-01
2.958123979868079179e-01
2.952408135572304193e-01
2.944342592213541332e-01
2.934468121476045410e-01
2.922781489539238442e-01
2.909345371158573168e-01
2.894223510240855890e-01
2.877417637991380728e-01
2.859007243458082659e-01
2.839040423021041426e-01
2.817632669664167921e-01
2.795275134578538712e-01
2.771856078077720720e-01
2.747881225106024172e-01
2.723299906536321147e-01
2.698646452163887544e-01
2.673836459669849397e-01
2.649307727368335752e-01
2.625101274185763223e-01
2.601498314363565600e-01
2.578539988241534964e-01
2.556407208630872008e-01
2.535086137113932714e-01
2.514670571502847785e-01
2.495172551737555866e-01
2.476581437434151878e-01
2.458968170271577658e-01
2.442268598503157806e-01
2.426519633818650934e-01
2.411726038929968563e-01
2.397803627448638619e-01
2.384739406288993446e-01
2.372551035398227093e-01
2.361099071738375077e-01
2.350330644736808583e-01
2.340187925255330925e-01
2.330574511658967118e-01
2.321344468732718103e-01
2.312341914731706194e-01
2.303441905116514199e-01
2.294359099390960721e-01
2.285125147549732505e-01
2.275513386084239420e-01
2.265529161631759658e-01
2.255117670184242362e-01
2.244240521301731350e-01
2.232867253432369303e-01
2.220969179032392660e-01
2.208448978314718480e-01
2.195325995575225508e-01
2.181505095569694352e-01
2.167025285412967628e-01
2.151829775448449722e-01
2.135960599165048768e-01
2.119386157571757634e-01
2.102212229558572953e-01
2.084399592937385970e-01
2.066080298244289681e-01
2.047316776793459692e-01
2.028140477592081936e-01
2.008585339357949751e-01
1.988660276340521726e-01
1.968369174042369496e-01
1.947731307326204531e-01
1.926794812149638381e-01
1.905501282061383139e-01
1.883848717601345757e-01
1.861967151160010270e-01
1.839805237908148927e-01
1.817443795287641550e-01
1.794990478619190311e-01
1.772528534668312006e-01
1.750148484542542737e-01
1.731528450318806367e-01
1.714149550443558601e-01
1.696540351736953722e-01
1.678819543803119207e-01
1.660923911940366537e-01
1.642888081919016419e-01
1.624801741464418914e-01
1.606681332617177771e-01
1.588512415311200687e-01
1.570341486291953748e-01
1.552259308890610312e-01
1.534219350070062660e-01
1.516262838991622175e-01
1.498436300008075261e-01
1.480786641866291553e-01
1.463352280754029455e-01
1.446164222197626748e-01
1.429240246625931299e-01
1.412587778138186256e-01
1.396206785440404774e-01
1.380087228556514389e-01
1.364222046761903173e-01
1.348599378327351439e-01
1.333210147470428597e-01
1.318049405510622885e-01
1.303117956105243891e-01
1.288463701735569067e-01
1.274042865000760416e-01
1.259858731310359581e-01
1.245921092600761476e-01
1.232253041903989266e-01
1.218816785861402685e-01
1.205605465392480119e-01
1.192660595742905394e-01
1.179933622999209258e-01
1.167421546561241419e-01
1.155157830565556598e-01
1.143082982937834030e-01
1.131244943380490392e-01
1.119597260812895123e-01
1.108157811119274277e-01
1.096915262202006747e-01
1.085856919882999400e-01
1.074997043344197156e-01
1.064300712775232832e-01
1.053800074213201432e-01
1.043445782993657894e-01
1.033280420304495545e-01
1.023247950350655022e-01
1.013393652074746909e-01
1.003663068280563897e-01
9.940949707493773602e-02
9.846470555509966027e-02
9.753401088368444938e-02
9.661567029615786284e-02
9.570872071124607305e-02
9.481514571376235823e-02
9.393047193735840072e-02
9.305947183415300139e-02
9.219741905074917143e-02
9.134539584125661582e-02
9.050465755041539606e-02
8.967153174926704995e-02
8.884949438359023011e-02
8.803611804274162622e-02
8.722983256854342782e-02
8.643512237505611429e-02
8.564736120658873741e-02
8.486686058919733211e-02
8.409692820585651374e-02
8.333350275847581368e-02
8.257739111451367631e-02
8.183107235508868538e-02
8.109111606133870276e-02
8.035837426224183566e-02
7.963504529911262508e-02
7.891803712946413030e-02
7.820811911568231745e-02
7.750745270340400617e-02
7.681314380095614902e-02
7.612586642175826757e-02
7.544775801836832441e-02
7.477609797308236439e-02
7.411149333819223861e-02
7.345598991883153794e-02
7.280705704948213508e-02
7.216522638662502265e-02
7.153246130122951907e-02
7.090639989874293614e-02
7.028740257430664273e-02
6.967753852412657267e-02
6.907450478820098549e-02
6.847837279333768290e-02
6.789147693242596204e-02
6.731159439935262279e-02
6.673870766194471560e-02
6.620836387049576499e-02
6.647734552873345304e-02
6.671624827133235125e-02
6.692521780060306513e-02
6.710440998842467919e-02
6.725405311013522847e-02
6.737439539677272937e-02
6.746729371826183652e-02
6.753228032391095370e-02
6.756990792306193094e-02
6.758073727452669488e-02
6.756599780820712886e-02
6.752699250993358937e-02
6.746333186950630167e-02
6.737577134812337831e-02
6.726583275568930043e-02
6.713523426240823599e-02
6.698454201056772139e-02
6.681562756789051483e-02
6.663033824618470879e-02
6.642964673790260899e-02
6.621407605672879892e-02
6.598416583224539500e-02
6.574048007629111623e-02
6.548342122605410598e-02
6.537830605463543221e-02
6.544001123483980664e-02
6.549259852416491889e-02
6.553634254581193475e-02
6.556988368892754937e-02
6.559235465553689415e-02
6.560538066575964666e-02
6.560621982768348459e-02
6.559653084796521205e-02
6.557505738093188929e-02
6.554146743313306323e-02
6.549587822932267933e-02
6.543884715150836973e-02
6.537039871458710794e-02
6.529026157723454016e-02
6.519872551401044436e-02
6.509608286153871493e-02
6.498261170839596257e-02
6.485861227041506138e-02
6.472440003624665983e-02
6.458027333644614232e-02
6.442683636427860849e-02
6.426457262563513295e-02
6.409330445286486044e-02
6.391337113645230439e-02
6.372511764102914422e-02
6.352926616222781542e-02
6.332685221616675408e-02
6.311706075104131508e-02
6.290007812093693917e-02
6.267751218394763957e-02
6.244802777274731376e-02
6.221166758319666285e-02
6.196874668280900889e-02
6.172002962680575577e-02
6.146470831231774096e-02
6.120290648580137965e-02
6.093476598168139774e-02
6.066073827041634087e-02
6.038137477164363248e-02
6.009624900835416894e-02
5.980560901798449847e-02
6.003505577434851276e-02
6.068548331581054972e-02
6.130288824984053003e-02
6.188584439094733936e-02
6.243558927445022610e-02
6.295019198859679033e-02
6.343061338637895341e-02
6.387648628933846606e-02
6.428792934609318943e-02
6.466588755051511095e-02
6.500962478117880416e-02
6.531975577159099267e-02
6.559769147541827383e-02
6.584390810603049649e-02
6.606390745978289736e-02
6.633769742010219017e-02
6.657972076160786901e-02
6.679044952875572150e-02
6.697068878674480863e-02
6.712245416784641538e-02
6.724787531858733569e-02
6.734900122116872778e-02
6.742604616231359649e-02
6.747840643500221947e-02
6.750556960426398745e-02
6.750752416241276310e-02
6.748492425480187573e-02
6.743863861908841462e-02
6.736969083222096866e-02
6.727953535558847675e-02
6.716902780035825804e-02
6.703873707757253275e-02
6.688853609610451167e-02
6.671838284754612325e-02
6.652826211944773416e-02
6.631857986885444922e-02
6.609028335161136469e-02
6.584464682059840146e-02
6.558314757958955132e-02
6.530792055754312819e-02
6.502032034918861503e-02
6.472211833481519849e-02
6.441437314107649470e-02
6.409725704146267133e-02
6.377212676241358902e-02
6.344033825231852608e-02
6.310454719748173624e-02
6.276709666985791358e-02
6.243052295352701647e-02
6.209608782281681588e-02
6.176576568901675363e-02
6.143875028457829179e-02
6.111337337493435301e-02
6.078756584238316496e-02
6.045942518349762401e-02
6.012742648598288359e-02
5.979065889818541840e-02
5.944801836275170198e-02
5.909844957208468946e-02
5.874131321464940575e-02
5.837610487609951049e-02
5.800292185175882909e-02
5.762235986694073941e-02
5.723501756333004148e-02
5.684096253374040092e-02
5.644078306337502876e-02
5.603584062510482550e-02
5.562616973931304443e-02
5.521275255129987763e-02
5.479628409537117689e-02
5.437764891794405475e-02
5.395783294442520195e-02
5.353704709694973723e-02
5.311679283160764681e-02
5.269684388820307375e-02
5.227812992053932489e-02
5.186101699681180260e-02
5.144568967347493138e-02
5.103259978615607567e-02
5.062225001656114887e-02
5.021508552218360150e-02
4.981154932011735287e-02
4.941193848011846829e-02
4.901728403973026893e-02
4.862751178117451917e-02
4.824359169245671236e-02
4.786573715276915691e-02
4.749487899787784712e-02
4.713111217185957103e-02
4.677505585098064300e-02
4.642755865754941147e-02
4.608883933111487113e-02
4.575933565067770437e-02
4.543949134119834588e-02
4.512972445707005148e-02
4.483043289713711799e-02
4.454197959513210570e-02
4.426495621504020206e-02
4.399948239103740333e-02
4.374575367689570449e-02
4.350413874517468360e-02
4.327510291205488580e-02
4.305843496799652975e-02
4.285478419521061150e-02
4.266390352929343155e-02
4.248622349188079655e-02
4.232150283607225005e-02
4.217020857749408796e-02
4.203190170000651454e-02
4.190694032021868853e-02
4.179511481505406023e-02
4.169620908050466340e-02
4.161044651085909346e-02
4.153748100444992764e-02
4.147704684491094335e-02
4.142912716063450879e-02
4.139353007174319254e-02
4.136979504755036036e-02
4.135766258173876470e-02
4.135717679678716646e-02
4.136764392184345829e-02
4.138871048429238614e-02
4.142037445356952508e-02
4.146693067844148262e-02
4.152945962581234413e-02
4.159979119819772614e-02
4.167772984849107271e-02
4.176299518702910468e-02
4.185496840706145333e-02
4.195348710756843791e-02
4.205817196645224992e-02
4.216838391177984285e-02
4.228422572335824303e-02
4.240480025647844209e-02
4.253008527588979931e-02
4.265941132354562904e-02
4.279261481302679138e-02
4.292906088503141426e-02
4.306865769596351229e-02
4.321060911923219755e-02
4.335506024802263103e-02
4.350117675109718696e-02
4.364873212477657360e-02
4.379756452100670022e-02
4.394698891569346483e-02
4.409668764669859992e-02
4.424664194504532994e-02
4.439615336950496899e-02
4.454489713297592884e-02
4.469257509375758330e-02
4.483912096163081978e-02
4.498395215905418021e-02
4.513427810880880908e-02
4.528541936208239221e-02
4.543511187165084897e-02
4.558269960157887435e-02
4.572839175394870920e-02
4.587141889009968554e-02
4.601200681113076091e-02
4.614953567316402300e-02
4.628409032730750050e-02
4.641519050053749540e-02
4.654279412549706951e-02
4.666658402131224070e-02
4.678637015454391312e-02
4.690205594886515117e-02
4.701328742199009647e-02
4.712018603167641984e-02
4.722226271724188490e-02
4.731977911259650088e-02
