Period [sec]	Elastic	Duct.=2.0	Duct.=3.0	Duct.=4.0
0.000	0.34470	0.34470	0.34470	0.34470
0.020	0.34588	0.33409	0.33258	0.33226
0.040	0.36892	0.32976	0.32206	0.31774
0.060	0.40868	0.33163	0.31470	0.30676
0.080	0.43820	0.35691	0.33475	0.32449
0.100	0.46820	0.36364	0.33998	0.31906
0.120	0.68308	0.52593	0.47159	0.43077
0.140	0.84612	0.62567	0.48025	0.41142
0.160	1.17075	0.71806	0.58754	0.50724
0.180	0.91458	0.66499	0.52470	0.46724
0.200	0.93676	0.66663	0.54034	0.43767
0.220	0.77915	0.60244	0.49380	0.43452
0.240	0.79836	0.48185	0.35618	0.31252
0.260	0.84426	0.44617	0.37730	0.32144
0.280	0.87268	0.44015	0.37325	0.31703
0.300	0.81329	0.41193	0.31865	0.28404
0.320	0.91736	0.48623	0.32152	0.29111
0.340	0.95249	0.41536	0.34243	0.29939
0.360	0.94387	0.45676	0.38593	0.31952
0.380	0.86527	0.45587	0.37214	0.32252
0.400	0.73972	0.40956	0.34744	0.31548
0.420	0.72436	0.38551	0.33448	0.30744
0.440	0.72526	0.40625	0.34190	0.30053
0.460	0.72797	0.46032	0.33978	0.27612
0.480	0.68952	0.46967	0.32534	0.23515
0.500	0.63539	0.40758	0.28593	0.22781
0.520	0.52630	0.35132	0.25737	0.22553
0.540	0.45724	0.28717	0.24379	0.22253
0.560	0.46026	0.28619	0.23955	0.21165
0.580	0.46234	0.27324	0.22071	0.19037
0.600	0.44626	0.24339	0.19923	0.16719
0.620	0.42984	0.21421	0.17299	0.14625
0.640	0.38306	0.18335	0.15130	0.13324
0.660	0.33283	0.18930	0.14228	0.12665
0.680	0.32514	0.22533	0.13596	0.12076
0.700	0.32988	0.20262	0.13061	0.11733
0.720	0.33511	0.18760	0.12595	0.11483
0.740	0.33427	0.18517	0.12034	0.11347
0.760	0.32624	0.19374	0.11827	0.11244
0.780	0.31234	0.13769	0.11682	0.10862
0.800	0.29449	0.13905	0.11419	0.10284
0.820	0.27548	0.17219	0.10873	0.09602
0.840	0.25669	0.17320	0.10513	0.09171
0.860	0.23946	0.16948	0.13682	0.09274
0.880	0.22857	0.16687	0.14011	0.09341
0.900	0.24335	0.16847	0.14124	0.09244
0.920	0.26829	0.17309	0.14385	0.10162
0.940	0.28887	0.18049	0.14760	0.12019
0.960	0.30647	0.18599	0.15398	0.11066
0.980	0.32294	0.19075	0.15831	0.10532
1.000	0.35336	0.19429	0.16037	0.10131
1.020	0.39609	0.20058	0.15972	0.09750
1.040	0.42382	0.21092	0.14233	0.09357
1.060	0.43058	0.21135	0.10623	0.09100
1.080	0.42179	0.20686	0.10136	0.08902
1.100	0.40652	0.18778	0.09852	0.08657
1.120	0.39547	0.12855	0.09759	0.08595
1.140	0.37869	0.12586	0.09756	0.08618
1.160	0.35636	0.12446	0.09810	0.08609
1.180	0.33071	0.12593	0.09911	0.08620
1.200	0.30514	0.12887	0.10101	0.08631
1.220	0.28262	0.13437	0.10400	0.08660
1.240	0.26476	0.14394	0.10661	0.08675
1.260	0.25256	0.14710	0.11011	0.08750
1.280	0.24573	0.14803	0.11298	0.08774
1.300	0.24334	0.14562	0.11569	0.08588
1.320	0.24416	0.14608	0.11791	0.07625
1.340	0.24717	0.14794	0.11963	0.07603
1.360	0.25161	0.14992	0.12126	0.06915
1.380	0.25710	0.15325	0.12168	0.06724
1.400	0.26367	0.15572	0.12192	0.06546
1.420	0.27097	0.15931	0.12077	0.06390
1.440	0.27893	0.16376	0.08578	0.06330
1.460	0.28742	0.16745	0.08508	0.06338
1.480	0.29679	0.17080	0.08343	0.06371
1.500	0.30915	0.17378	0.07998	0.06430
1.520	0.32181	0.17578	0.07711	0.06465
1.540	0.33283	0.17264	0.07707	0.06504
1.560	0.34268	0.16724	0.07852	0.06536
1.580	0.35785	0.12162	0.08005	0.06557
1.600	0.37115	0.12406	0.08111	0.06553
1.620	0.38255	0.12561	0.08226	0.06515
1.640	0.39252	0.12955	0.08256	0.06322
1.660	0.40098	0.12908	0.08240	0.05902
1.680	0.40687	0.13129	0.08201	0.05531
1.700	0.40939	0.13336	0.08092	0.05125
1.720	0.40840	0.12677	0.07921	0.05120
1.740	0.40414	0.10971	0.07663	0.05099
1.760	0.39734	0.10836	0.07221	0.05083
1.780	0.38859	0.10609	0.06105	0.05070
1.800	0.37830	0.10324	0.06083	0.05060
1.820	0.36596	0.10008	0.06078	0.05037
1.840	0.35864	0.09605	0.06063	0.05006
1.860	0.35121	0.09161	0.06033	0.04940
1.880	0.34269	0.08622	0.06015	0.04838
1.900	0.33337	0.08541	0.05993	0.04727
1.920	0.32300	0.08485	0.05968	0.04624
1.940	0.31135	0.08377	0.05939	0.04502
1.960	0.29875	0.08285	0.05906	0.04369
1.980	0.28528	0.08178	0.05872	0.04167
2.000	0.27136	0.08050	0.05799	0.03967
2.020	0.25828	0.07938	0.05679	0.03776
2.040	0.24605	0.07816	0.05558	0.03600
2.060	0.23337	0.07752	0.05438	0.03432
2.080	0.22512	0.08104	0.05310	0.03280
2.100	0.21911	0.08459	0.05192	0.03128
2.120	0.21265	0.08839	0.05073	0.03039
2.140	0.20574	0.09205	0.04929	0.02990
2.160	0.19842	0.09552	0.04778	0.02952
2.180	0.19086	0.09898	0.04635	0.02907
2.200	0.18298	0.10230	0.04485	0.02867
2.220	0.17507	0.10098	0.04294	0.02825
2.240	0.16705	0.09657	0.04089	0.02776
2.260	0.15909	0.09221	0.03906	0.02730
2.280	0.15122	0.08553	0.03728	0.02683
2.300	0.14347	0.05820	0.03560	0.02643
2.320	0.13593	0.05737	0.03407	0.02597
2.340	0.12858	0.05643	0.03291	0.02556
2.360	0.12311	0.05572	0.03199	0.02515
2.380	0.11929	0.05471	0.03111	0.02475
2.400	0.11559	0.05410	0.02992	0.02437
2.420	0.11193	0.05314	0.02909	0.02399
2.440	0.10837	0.05253	0.02852	0.02362
2.460	0.10491	0.05196	0.02812	0.02329
2.480	0.10152	0.05052	0.02765	0.02294
2.500	0.09822	0.04915	0.02715	0.02259
2.520	0.09504	0.04852	0.02676	0.02225
2.540	0.09193	0.04789	0.02637	0.02192
2.560	0.08895	0.04706	0.02594	0.02159
2.580	0.08606	0.04643	0.02553	0.02128
2.600	0.08329	0.04576	0.02512	0.02107
2.620	0.08059	0.04510	0.02473	0.02085
2.640	0.07800	0.04443	0.02434	0.02068
2.660	0.07551	0.04324	0.02396	0.02050
2.680	0.07309	0.04214	0.02359	0.02034
2.700	0.07076	0.04095	0.02318	0.02019
2.720	0.06853	0.03995	0.02288	0.02004
2.740	0.06638	0.03894	0.02257	0.01989
2.760	0.06430	0.03795	0.02219	0.01975
2.780	0.06231	0.03697	0.02185	0.01962
2.800	0.06039	0.03615	0.02152	0.01949
2.820	0.05856	0.03526	0.02127	0.01936
2.840	0.05679	0.03441	0.02106	0.01924
2.860	0.05510	0.03362	0.02091	0.01911
2.880	0.05347	0.03273	0.02082	0.01900
2.900	0.05191	0.03211	0.02071	0.01888
2.920	0.05072	0.03137	0.02060	0.01877
2.940	0.04987	0.03078	0.02049	0.01863
2.960	0.04904	0.03010	0.02039	0.01847
2.980	0.04822	0.02957	0.02029	0.01833
3.000	0.04742	0.02907	0.02019	0.01819
3.020	0.04663	0.02857	0.02007	0.01806
3.040	0.04585	0.02792	0.01991	0.01793
3.060	0.04510	0.02740	0.01978	0.01780
3.080	0.04435	0.02696	0.01965	0.01767
3.100	0.04363	0.02719	0.01952	0.01755
3.120	0.04291	0.02740	0.01942	0.01743
3.140	0.04222	0.02748	0.01930	0.01731
3.160	0.04195	0.02727	0.01917	0.01721
3.180	0.04202	0.02676	0.01903	0.01710
3.200	0.04205	0.02658	0.01891	0.01698
3.220	0.04204	0.02656	0.01877	0.01686
3.240	0.04198	0.02647	0.01867	0.01675
3.260	0.04190	0.02639	0.01857	0.01667
3.280	0.04177	0.02627	0.01848	0.01657
3.300	0.04162	0.02615	0.01831	0.01646
3.320	0.04143	0.02602	0.01826	0.01636
3.340	0.04122	0.02590	0.01818	0.01623
3.360	0.04102	0.02577	0.01807	0.01612
3.380	0.04085	0.02563	0.01795	0.01601
3.400	0.04065	0.02549	0.01794	0.01590
3.420	0.04043	0.02535	0.01801	0.01580
3.440	0.04018	0.02522	0.01827	0.01570
3.460	0.03991	0.02509	0.01868	0.01559
3.480	0.03962	0.02496	0.01890	0.01549
3.500	0.03931	0.02483	0.01903	0.01540
3.520	0.03897	0.02470	0.01907	0.01529
3.540	0.03863	0.02457	0.01955	0.01518
3.560	0.03828	0.02443	0.01945	0.01509
3.580	0.03791	0.02430	0.01943	0.01500
3.600	0.03752	0.02407	0.01938	0.01492
3.620	0.03713	0.02398	0.01922	0.01483
3.640	0.03673	0.02390	0.01919	0.01475
3.660	0.03632	0.02400	0.01914	0.01467
3.680	0.03591	0.02421	0.01909	0.01452
3.700	0.03549	0.02411	0.01895	0.01444
3.720	0.03507	0.02400	0.01880	0.01437
3.740	0.03465	0.02401	0.01870	0.01429
3.760	0.03422	0.02396	0.01856	0.01422
3.780	0.03379	0.02391	0.01843	0.01415
3.800	0.03336	0.02368	0.01830	0.01407
3.820	0.03294	0.02348	0.01816	0.01395
3.840	0.03252	0.02336	0.01802	0.01387
3.860	0.03210	0.02317	0.01789	0.01383
3.880	0.03168	0.02288	0.01775	0.01379
3.900	0.03127	0.02273	0.01759	0.01370
3.920	0.03086	0.02254	0.01746	0.01362
3.940	0.03046	0.02234	0.01734	0.01362
3.960	0.03006	0.02215	0.01721	0.01359
3.980	0.02967	0.02196	0.01708	0.01348
4.000	0.02929	0.02177	0.01695	0.01337
4.020	0.02891	0.02159	0.01683	0.01331
4.040	0.02854	0.02134	0.01672	0.01329
4.060	0.02818	0.02114	0.01657	0.01326
4.080	0.02782	0.02095	0.01648	0.01320
4.100	0.02747	0.02076	0.01636	0.01318
4.120	0.02722	0.02057	0.01621	0.01316
4.140	0.02709	0.02038	0.01613	0.01314
4.160	0.02695	0.02019	0.01602	0.01312
4.180	0.02680	0.02001	0.01591	0.01310
4.200	0.02670	0.01983	0.01577	0.01308
4.220	0.02669	0.01965	0.01566	0.01305
4.240	0.02666	0.01947	0.01554	0.01303
4.260	0.02662	0.01935	0.01543	0.01300
4.280	0.02656	0.01917	0.01532	0.01298
4.300	0.02647	0.01901	0.01522	0.01295
4.320	0.02638	0.01884	0.01512	0.01292
4.340	0.02627	0.01868	0.01503	0.01289
4.360	0.02615	0.01851	0.01498	0.01286
4.380	0.02601	0.01835	0.01490	0.01283
4.400	0.02587	0.01819	0.01482	0.01280
4.420	0.02571	0.01804	0.01475	0.01279
4.440	0.02555	0.01788	0.01467	0.01274
4.460	0.02537	0.01773	0.01460	0.01271
4.480	0.02519	0.01758	0.01452	0.01268
4.500	0.02500	0.01744	0.01445	0.01264
4.520	0.02480	0.01729	0.01435	0.01261
4.540	0.02467	0.01715	0.01430	0.01257
4.560	0.02455	0.01701	0.01420	0.01249
4.580	0.02444	0.01687	0.01413	0.01245
4.600	0.02432	0.01670	0.01406	0.01239
4.620	0.02420	0.01656	0.01400	0.01234
4.640	0.02409	0.01643	0.01393	0.01226
4.660	0.02397	0.01629	0.01386	0.01220
4.680	0.02385	0.01616	0.01379	0.01214
4.700	0.02374	0.01603	0.01372	0.01209
4.720	0.02362	0.01591	0.01365	0.01203
4.740	0.02350	0.01578	0.01358	0.01197
4.760	0.02339	0.01562	0.01351	0.01191
4.780	0.02327	0.01550	0.01344	0.01185
4.800	0.02315	0.01539	0.01337	0.01180
4.820	0.02303	0.01527	0.01331	0.01174
4.840	0.02291	0.01516	0.01324	0.01168
4.860	0.02281	0.01505	0.01317	0.01164
4.880	0.02271	0.01494	0.01311	0.01158
4.900	0.02261	0.01480	0.01304	0.01152
4.920	0.02251	0.01468	0.01298	0.01146
4.940	0.02241	0.01458	0.01291	0.01141
4.960	0.02230	0.01450	0.01285	0.01134
4.980	0.02219	0.01439	0.01279	0.01131
5.000	0.02209	0.01429	0.01272	0.01125
5.020	0.02197	0.01418	0.01266	0.01120
5.040	0.02186	0.01408	0.01260	0.01115
5.060	0.02175	0.01394	0.01254	0.01111
5.080	0.02164	0.01386	0.01248	0.01106
5.100	0.02152	0.01379	0.01242	0.01103
5.120	0.02140	0.01369	0.01237	0.01097
5.140	0.02128	0.01357	0.01231	0.01093
5.160	0.02115	0.01347	0.01223	0.01089
5.180	0.02103	0.01341	0.01218	0.01085
5.200	0.02090	0.01332	0.01211	0.01081
5.220	0.02077	0.01325	0.01203	0.01075
5.240	0.02064	0.01318	0.01197	0.01068
5.260	0.02051	0.01312	0.01190	0.01063
5.280	0.02037	0.01304	0.01183	0.01057
5.300	0.02023	0.01293	0.01178	0.01051
5.320	0.02019	0.01287	0.01171	0.01045
5.340	0.02022	0.01279	0.01163	0.01039
5.360	0.02024	0.01273	0.01156	0.01033
5.380	0.02024	0.01267	0.01150	0.01028
5.400	0.02024	0.01261	0.01144	0.01022
5.420	0.02022	0.01255	0.01137	0.01016
5.440	0.02020	0.01246	0.01128	0.01011
5.460	0.02016	0.01236	0.01121	0.01005
5.480	0.02012	0.01232	0.01115	0.01000
5.500	0.02006	0.01227	0.01109	0.00995
5.520	0.02000	0.01221	0.01103	0.00989
5.540	0.01992	0.01215	0.01095	0.00981
5.560	0.01984	0.01210	0.01086	0.00976
5.580	0.01975	0.01202	0.01079	0.00969
5.600	0.01965	0.01193	0.01073	0.00964
5.620	0.01954	0.01186	0.01067	0.00957
5.640	0.01943	0.01181	0.01062	0.00950
5.660	0.01931	0.01176	0.01056	0.00943
5.680	0.01918	0.01171	0.01046	0.00937
5.700	0.01905	0.01166	0.01039	0.00930
5.720	0.01891	0.01160	0.01034	0.00922
5.740	0.01876	0.01151	0.01028	0.00914
5.760	0.01861	0.01144	0.01023	0.00906
5.780	0.01845	0.01139	0.01017	0.00898
5.800	0.01829	0.01133	0.01006	0.00891
5.820	0.01812	0.01132	0.01001	0.00884
5.840	0.01794	0.01126	0.00997	0.00878
5.860	0.01777	0.01118	0.00992	0.00871
5.880	0.01761	0.01112	0.00987	0.00864
5.900	0.01749	0.01106	0.00978	0.00857
5.920	0.01747	0.01102	0.00969	0.00850
5.940	0.01745	0.01098	0.00964	0.00844
5.960	0.01743	0.01091	0.00959	0.00837
5.980	0.01740	0.01087	0.00953	0.00830
6.000	0.01741	0.01078	0.00948	0.00824
