Period [sec]	Elastic	Duct.=2.0	Duct.=3.0	Duct.=4.0
0.000	0.56830	0.56830	0.56830	0.56830
0.020	0.57702	0.55614	0.55910	0.56205
0.040	0.57400	0.54648	0.54590	0.54600
0.060	0.76130	0.59646	0.57318	0.56485
0.080	0.90683	0.66502	0.61179	0.59025
0.100	0.78246	0.60000	0.56450	0.54621
0.120	1.06417	0.75219	0.67101	0.62008
0.140	1.00417	0.75111	0.67892	0.63328
0.160	0.94145	0.67987	0.60405	0.57560
0.180	1.36183	0.91649	0.69474	0.62383
0.200	1.23869	0.87210	0.75296	0.68781
0.220	1.57568	0.84016	0.70399	0.63040
0.240	1.62761	1.08447	0.67811	0.58870
0.260	2.00229	1.13777	0.80433	0.63374
0.280	1.47580	1.07576	0.87886	0.65871
0.300	1.17958	0.91512	0.75278	0.51151
0.320	1.63159	0.96659	0.61349	0.41025
0.340	1.57597	0.90326	0.49411	0.39084
0.360	1.33936	0.73160	0.44703	0.38681
0.380	1.28964	0.74524	0.48952	0.42636
0.400	1.42746	0.81054	0.55942	0.44230
0.420	1.33068	0.66879	0.48340	0.42246
0.440	1.16959	0.62859	0.48493	0.40919
0.460	1.09214	0.74831	0.41614	0.36893
0.480	1.01067	0.76807	0.37354	0.34521
0.500	0.97535	0.75003	0.36186	0.30123
0.520	1.00166	0.72601	0.35813	0.31045
0.540	0.95825	0.53234	0.35776	0.31593
0.560	0.91602	0.51884	0.37290	0.32017
0.580	0.83047	0.51993	0.39673	0.30852
0.600	0.86133	0.45219	0.35826	0.30052
0.620	0.79059	0.46028	0.33301	0.28446
0.640	0.68140	0.46454	0.39061	0.27289
0.660	0.70915	0.43707	0.38648	0.26725
0.680	0.75457	0.42971	0.29263	0.24429
0.700	0.83653	0.42698	0.30277	0.24519
0.720	0.92041	0.42288	0.31065	0.25273
0.740	0.98384	0.40316	0.31671	0.25244
0.760	1.02577	0.42714	0.32507	0.24737
0.780	1.04636	0.43838	0.30457	0.23720
0.800	1.03976	0.45035	0.28371	0.22293
0.820	1.00278	0.45748	0.27429	0.20841
0.840	0.92991	0.45389	0.26442	0.19928
0.860	0.83713	0.43680	0.25682	0.19200
0.880	0.78570	0.41311	0.24993	0.18584
0.900	0.73113	0.38824	0.23460	0.18492
0.920	0.68646	0.36369	0.22428	0.18341
0.940	0.64482	0.34021	0.21488	0.17902
0.960	0.60370	0.32179	0.20677	0.17381
0.980	0.56304	0.30617	0.20515	0.16903
1.000	0.53448	0.29070	0.20363	0.16395
1.020	0.50906	0.27575	0.20234	0.15896
1.040	0.48519	0.26140	0.19480	0.15617
1.060	0.46348	0.24754	0.18361	0.15256
1.080	0.44395	0.23467	0.17397	0.14767
1.100	0.42699	0.22222	0.16709	0.14424
1.120	0.41295	0.21241	0.16102	0.14135
1.140	0.40119	0.20426	0.15637	0.13911
1.160	0.39125	0.19757	0.15269	0.13744
1.180	0.38301	0.19206	0.14941	0.13594
1.200	0.37557	0.18751	0.14810	0.13464
1.220	0.36913	0.18377	0.14654	0.13350
1.240	0.36367	0.18064	0.14538	0.13254
1.260	0.37588	0.17797	0.14466	0.13170
1.280	0.38581	0.17573	0.14459	0.13096
1.300	0.39339	0.17369	0.14458	0.13023
1.320	0.39861	0.17346	0.14454	0.12975
1.340	0.40165	0.17482	0.14485	0.12943
1.360	0.40242	0.17640	0.14512	0.12898
1.380	0.40133	0.17805	0.14561	0.12865
1.400	0.39851	0.18044	0.14614	0.12834
1.420	0.39433	0.18285	0.14674	0.12827
1.440	0.38950	0.18531	0.14782	0.12831
1.460	0.38461	0.18844	0.14912	0.12879
1.480	0.38026	0.19058	0.15069	0.12997
1.500	0.37679	0.19335	0.15208	0.13148
1.520	0.37351	0.19658	0.15504	0.13367
1.540	0.36994	0.20190	0.15849	0.13589
1.560	0.37102	0.20687	0.16300	0.13768
1.580	0.37133	0.21384	0.16686	0.13930
1.600	0.37509	0.22190	0.17039	0.14173
1.620	0.37491	0.22999	0.17423	0.14281
1.640	0.37076	0.23632	0.17795	0.14206
1.660	0.36379	0.23815	0.18005	0.13833
1.680	0.35967	0.23466	0.17732	0.13323
1.700	0.35413	0.23086	0.17315	0.12252
1.720	0.34733	0.22539	0.16852	0.07789
1.740	0.33914	0.22018	0.16425	0.07514
1.760	0.32968	0.21513	0.15956	0.07257
1.780	0.31925	0.20753	0.14705	0.07019
1.800	0.30781	0.20035	0.13067	0.06811
1.820	0.29572	0.19333	0.08797	0.06628
1.840	0.28302	0.18723	0.08648	0.06471
1.860	0.27367	0.17883	0.08496	0.06333
1.880	0.26896	0.16941	0.08335	0.06211
1.900	0.26381	0.16495	0.08221	0.06100
1.920	0.25842	0.16228	0.08110	0.05999
1.940	0.25288	0.15950	0.08033	0.05908
1.960	0.24709	0.15660	0.07929	0.05823
1.980	0.24130	0.15366	0.07831	0.05747
2.000	0.23541	0.15066	0.07734	0.05685
2.020	0.22945	0.14762	0.07643	0.05612
2.040	0.22357	0.14470	0.07574	0.05527
2.060	0.21765	0.13624	0.07504	0.05471
2.080	0.21181	0.11183	0.07436	0.05415
2.100	0.20602	0.09477	0.07389	0.05348
2.120	0.20026	0.09406	0.07337	0.05296
2.140	0.19465	0.09306	0.07257	0.05255
2.160	0.18906	0.09260	0.07166	0.05196
2.180	0.18359	0.09168	0.07095	0.05132
2.200	0.17821	0.09049	0.07036	0.05076
2.220	0.17292	0.08986	0.06964	0.05021
2.240	0.16774	0.08906	0.06891	0.04965
2.260	0.16266	0.08828	0.06837	0.04909
2.280	0.15769	0.08751	0.06766	0.04854
2.300	0.15389	0.08675	0.06696	0.04788
2.320	0.15067	0.08598	0.06627	0.04731
2.340	0.14752	0.08522	0.06557	0.04673
2.360	0.14441	0.08433	0.06488	0.04616
2.380	0.14130	0.08380	0.06417	0.04558
2.400	0.13823	0.08290	0.06346	0.04501
2.420	0.13517	0.08162	0.06274	0.04445
2.440	0.13213	0.08059	0.06202	0.04380
2.460	0.12910	0.07897	0.06121	0.04322
2.480	0.12609	0.07847	0.06049	0.04265
2.500	0.12309	0.07659	0.05976	0.04208
2.520	0.12013	0.07549	0.05867	0.04150
2.540	0.11717	0.07430	0.05778	0.04094
2.560	0.11425	0.07297	0.05706	0.04037
2.580	0.11134	0.07143	0.05632	0.03980
2.600	0.11030	0.07021	0.05472	0.03923
2.620	0.10964	0.06825	0.05400	0.03862
2.640	0.10895	0.06731	0.05314	0.03806
2.660	0.10825	0.06681	0.05236	0.03750
2.680	0.10752	0.06631	0.05079	0.03694
2.700	0.10678	0.06556	0.04987	0.03638
2.720	0.10605	0.06509	0.04917	0.03583
2.740	0.10530	0.06462	0.04842	0.03524
2.760	0.10454	0.06415	0.04783	0.03469
2.780	0.10376	0.06367	0.04723	0.03415
2.800	0.10296	0.06320	0.04663	0.03361
2.820	0.10216	0.06273	0.04593	0.03308
2.840	0.10136	0.06226	0.04537	0.03251
2.860	0.10056	0.06178	0.04470	0.03199
2.880	0.09974	0.06131	0.04414	0.03146
2.900	0.09891	0.06082	0.04379	0.03095
2.920	0.09807	0.06034	0.04321	0.03042
2.940	0.09723	0.05985	0.04255	0.02992
2.960	0.09637	0.05931	0.04199	0.02941
2.980	0.09552	0.05877	0.04129	0.02893
3.000	0.09467	0.05839	0.04089	0.02844
3.020	0.09381	0.05836	0.04055	0.02816
3.040	0.09295	0.05818	0.04021	0.02814
3.060	0.09208	0.05797	0.03986	0.02812
3.080	0.09121	0.05775	0.03952	0.02813
3.100	0.09033	0.05749	0.03915	0.02816
3.120	0.08944	0.05721	0.03876	0.02817
3.140	0.08856	0.05679	0.03831	0.02821
3.160	0.08767	0.05639	0.03813	0.02827
3.180	0.08680	0.05523	0.03797	0.02816
3.200	0.08592	0.05359	0.03780	0.02802
3.220	0.08505	0.05308	0.03763	0.02812
3.240	0.08417	0.05257	0.03745	0.02792
3.260	0.08329	0.05206	0.03732	0.02800
3.280	0.08241	0.05155	0.03696	0.02809
3.300	0.08154	0.05105	0.03684	0.02818
3.320	0.08066	0.05055	0.03662	0.02827
3.340	0.07979	0.05005	0.03638	0.02835
3.360	0.07892	0.04956	0.03623	0.02841
3.380	0.07805	0.04906	0.03600	0.02843
3.400	0.07719	0.04844	0.03574	0.02847
3.420	0.07634	0.04828	0.03548	0.02849
3.440	0.07549	0.04811	0.03521	0.02849
3.460	0.07465	0.04791	0.03492	0.02843
3.480	0.07381	0.04768	0.03462	0.02839
3.500	0.07298	0.04743	0.03430	0.02826
3.520	0.07215	0.04715	0.03397	0.02797
3.540	0.07133	0.04684	0.03363	0.02776
3.560	0.07052	0.04652	0.03328	0.02751
3.580	0.06971	0.04617	0.03291	0.02726
3.600	0.06890	0.04580	0.03253	0.02701
3.620	0.06811	0.04541	0.03215	0.02671
3.640	0.06732	0.04499	0.03175	0.02646
3.660	0.06654	0.04455	0.03136	0.02618
3.680	0.06576	0.04409	0.03096	0.02591
3.700	0.06500	0.04361	0.03056	0.02549
3.720	0.06424	0.04311	0.03014	0.02494
3.740	0.06349	0.04259	0.02971	0.02056
3.760	0.06275	0.04205	0.02921	0.01619
3.780	0.06202	0.04151	0.02880	0.01608
3.800	0.06130	0.04095	0.02836	0.01597
3.820	0.06059	0.04039	0.02794	0.01586
3.840	0.05988	0.03981	0.02707	0.01575
3.860	0.05919	0.03924	0.02630	0.01565
3.880	0.05850	0.03853	0.02575	0.01554
3.900	0.05782	0.03797	0.02531	0.01544
3.920	0.05714	0.03742	0.02489	0.01533
3.940	0.05648	0.03686	0.02439	0.01523
3.960	0.05582	0.03631	0.02403	0.01514
3.980	0.05518	0.03592	0.02359	0.01503
4.000	0.05454	0.03553	0.02320	0.01494
4.020	0.05390	0.03510	0.02274	0.01482
4.040	0.05328	0.03466	0.02235	0.01473
4.060	0.05266	0.03442	0.02203	0.01464
4.080	0.05206	0.03394	0.02167	0.01454
4.100	0.05146	0.03335	0.02132	0.01446
4.120	0.05086	0.03284	0.02110	0.01436
4.140	0.05028	0.03250	0.02089	0.01428
4.160	0.04970	0.03217	0.02068	0.01419
4.180	0.04913	0.03166	0.02047	0.01411
4.200	0.04857	0.03111	0.02027	0.01402
4.220	0.04802	0.03066	0.02007	0.01394
4.240	0.04747	0.03009	0.01988	0.01385
4.260	0.04693	0.02963	0.01969	0.01377
4.280	0.04640	0.02918	0.01950	0.01369
4.300	0.04587	0.02862	0.01932	0.01360
4.320	0.04535	0.02818	0.01913	0.01352
4.340	0.04484	0.02774	0.01895	0.01343
4.360	0.04434	0.02731	0.01878	0.01336
4.380	0.04384	0.02688	0.01860	0.01328
4.400	0.04335	0.02639	0.01843	0.01321
4.420	0.04286	0.02598	0.01826	0.01314
4.440	0.04238	0.02557	0.01810	0.01307
4.460	0.04191	0.02517	0.01794	0.01300
4.480	0.04144	0.02470	0.01777	0.01292
4.500	0.04098	0.02431	0.01762	0.01285
4.520	0.04053	0.02392	0.01746	0.01278
4.540	0.04008	0.02354	0.01731	0.01271
4.560	0.03963	0.02311	0.01715	0.01264
4.580	0.03920	0.02274	0.01700	0.01257
4.600	0.03876	0.02237	0.01686	0.01251
4.620	0.03834	0.02201	0.01671	0.01244
4.640	0.03791	0.02183	0.01657	0.01237
4.660	0.03750	0.02161	0.01642	0.01231
4.680	0.03709	0.02140	0.01628	0.01225
4.700	0.03668	0.02127	0.01614	0.01218
4.720	0.03628	0.02107	0.01600	0.01212
4.740	0.03588	0.02087	0.01583	0.01206
4.760	0.03549	0.02067	0.01571	0.01199
4.780	0.03510	0.02047	0.01561	0.01193
4.800	0.03472	0.02029	0.01545	0.01187
4.820	0.03434	0.02010	0.01534	0.01182
4.840	0.03397	0.01992	0.01523	0.01176
4.860	0.03360	0.01974	0.01507	0.01171
4.880	0.03324	0.01956	0.01494	0.01165
4.900	0.03288	0.01938	0.01481	0.01160
4.920	0.03252	0.01921	0.01469	0.01154
4.940	0.03217	0.01903	0.01458	0.01149
4.960	0.03182	0.01885	0.01448	0.01143
4.980	0.03148	0.01868	0.01435	0.01138
5.000	0.03114	0.01851	0.01423	0.01132
5.020	0.03080	0.01834	0.01410	0.01127
5.040	0.03047	0.01817	0.01399	0.01122
5.060	0.03014	0.01800	0.01388	0.01117
5.080	0.02981	0.01783	0.01376	0.01112
5.100	0.02949	0.01766	0.01365	0.01107
5.120	0.02917	0.01750	0.01353	0.01102
5.140	0.02886	0.01733	0.01303	0.01097
5.160	0.02855	0.01717	0.01295	0.01092
5.180	0.02824	0.01700	0.01194	0.01087
5.200	0.02794	0.01684	0.01188	0.01082
5.220	0.02764	0.01668	0.01183	0.01078
5.240	0.02734	0.01652	0.01177	0.01073
5.260	0.02705	0.01636	0.01172	0.01068
5.280	0.02676	0.01620	0.01166	0.01064
5.300	0.02647	0.01604	0.01161	0.01059
5.320	0.02618	0.01588	0.01155	0.01055
5.340	0.02590	0.01573	0.01150	0.01050
5.360	0.02562	0.01557	0.01145	0.01046
5.380	0.02535	0.01542	0.01139	0.01042
5.400	0.02508	0.01526	0.01134	0.01037
5.420	0.02481	0.01511	0.01130	0.01033
5.440	0.02454	0.01496	0.01124	0.01029
5.460	0.02428	0.01481	0.01119	0.01024
5.480	0.02402	0.01466	0.01114	0.01020
5.500	0.02376	0.01451	0.01108	0.01016
5.520	0.02350	0.01436	0.01102	0.01012
5.540	0.02325	0.01421	0.01098	0.01008
5.560	0.02300	0.01407	0.01093	0.01004
5.580	0.02275	0.01392	0.01089	0.00999
5.600	0.02251	0.01378	0.01083	0.00995
5.620	0.02227	0.01370	0.01078	0.00991
5.640	0.02203	0.01363	0.01074	0.00987
5.660	0.02179	0.01357	0.01069	0.00984
5.680	0.02155	0.01352	0.01065	0.00980
5.700	0.02132	0.01346	0.01059	0.00976
5.720	0.02109	0.01340	0.01055	0.00972
5.740	0.02087	0.01337	0.01050	0.00969
5.760	0.02064	0.01329	0.01046	0.00965
5.780	0.02042	0.01324	0.01042	0.00961
5.800	0.02020	0.01318	0.01037	0.00957
5.820	0.01998	0.01308	0.01033	0.00954
5.840	0.01977	0.01302	0.01027	0.00950
5.860	0.01956	0.01297	0.01023	0.00946
5.880	0.01934	0.01292	0.01019	0.00942
5.900	0.01914	0.01286	0.01014	0.00939
5.920	0.01893	0.01281	0.01010	0.00935
5.940	0.01873	0.01276	0.01006	0.00932
5.960	0.01853	0.01271	0.01002	0.00928
5.980	0.01833	0.01265	0.00998	0.00925
6.000	0.01813	0.01260	0.00994	0.00921
